
_Kernel	-1.03	1.03	-2	2	
_Scale	9.97466e-18	1	9.97466e-18	1	
1	-2846	-2622.5	-2858.5	-2577	
2	-2843.5	-2581.5	-2856	-2575	
3	-4939	-4845.5	-4986.5	-4837.5	
4	-3358.5	-3124	-3364	-3102	
5	-1734	-1630	-1741.5	-1620.5	
6	-3774.5	-3708	-3886	-3653.5	
7	-1610	-1539.5	-1620.5	-1517.5	
8	-2464	-2347.5	-2468.5	-2304.5	
9	-1264.5	-1132.5	-1368	-1124.5	
10	-2031	-1958	-2127	-1939.5	
11	-4233.5	-4059	-4243	-4050	
12	-2020.5	-1946	-2033	-1898	
13	-3305	-3023.5	-3328	-2967.5	
14	-2200	-2137	-2277	-2043	
15	-2560	-2468.5	-2569.5	-2462.5	
16	-3516	-3377.5	-3523.5	-3371.5	
17	-1285.5	-1218	-1381.5	-1133	
18	-3511	-3373.5	-3518.5	-3370.5	
19	-4539	-4459.5	-4583	-4450	
20	-4694.5	-4609.5	-4712.5	-4549.5	
21	-3943	-3797	-3946.5	-3793.5	
22	-2572	-2488	-2578.5	-2469	
23	-3324.5	-3092.5	-3332.5	-3028.5	
24	-2188.5	-2039	-2195	-2032.5	
25	-4150.5	-3986	-4218	-3976.5	
26	-2139	-2037	-2195	-2030	
27	-1872.5	-1745	-1879.5	-1697.5	
28	-1107	-1010.5	-1183.5	-938.5	
29	-1269	-1201	-1371	-1125.5	
30	-3892.5	-3710.5	-3934	-3659.5	
31	-2455	-2344	-2461.5	-2296.5	
32	-4534.5	-4457	-4544	-4449.5	
33	-1214	-1124.5	-1258.5	-1057	
34	-2445.5	-2287.5	-2456.5	-2208	
35	-2197	-2056	-2203	-2036.5	
36	-1389.5	-1287.5	-1405	-1266.5	
37	-3631	-3528	-3632.5	-3525.5	
38	-2575.5	-2490	-2619	-2470.5	
39	-1389	-1286	-1405	-1265.5	
40	-2566	-2474	-2572	-2468.5	
41	-1389	-1286	-1405	-1265.5	
42	-2294	-2203	-2397	-2151	
43	-2453	-2308	-2458.5	-2294	
44	-2017.5	-1930.5	-2025.5	-1895	
45	-4326.5	-4248	-4333.5	-4175.5	
46	-1490.5	-1418.5	-1496.5	-1410	
47	-3018.5	-2924.5	-3085.5	-2914.5	
48	-4534.5	-4455	-4542.5	-4449	
49	-3022.5	-2925.5	-3088	-2916	
50	-3338	-3103.5	-3345.5	-3099.5	
51	-2846	-2622	-2858	-2576.5	
52	-3327.5	-3098.5	-3338.5	-3090.5	
53	-2139	-2037.5	-2195	-2030	
54	-2470	-2349.5	-2557	-2341	
55	-2871.5	-2694	-2877.5	-2634.5	
56	-1121.5	-1020.5	-1197.5	-1010	
57	-2288.5	-2203	-2339.5	-2147.5	
58	-2895.5	-2873.5	-2904.5	-2705	
59	-1879	-1768	-1884	-1746	
60	-3635	-3532	-3638.5	-3526	
61	-3632	-3529.5	-3634.5	-3525.5	
62	-1384.5	-1280	-1404.5	-1259.5	
63	-3340	-3104.5	-3349.5	-3100	
64	-3342	-3107.5	-3353	-3100.5	
65	-3939.5	-3792.5	-3944.5	-3784.5	
66	-3349	-3108	-3357.5	-3100.5	
67	-1933	-1828.5	-1954.5	-1773.5	
68	-3758.5	-3652	-3769.5	-3649.5	
69	-1732	-1630	-1741.5	-1619.5	
70	-3516.5	-3378	-3524.5	-3371.5	
71	-2872.5	-2696.5	-2879	-2666	
72	-3073.5	-2927.5	-3090	-2917	
73	-2135	-2037.5	-2193.5	-2025.5	
74	-4237.5	-4059.5	-4246.5	-4050.5	
75	-2137	-2037.5	-2194.5	-2027.5	
76	-1152	-1021	-1198.5	-1012	
77	-1201.5	-1123	-1252	-1053	
78	-4236.5	-4058.5	-4245.5	-4050	
79	-3349	-3108	-3357.5	-3100.5	
80	-3307	-3023.5	-3328	-3010.5	
81	-2430.5	-2234.5	-2454	-2206	
82	-2340	-2207	-2449.5	-2200.5	
83	-1611	-1541.5	-1623.5	-1517	
84	-2620	-2495.5	-2661.5	-2474	
85	-4780.5	-4700	-4791.5	-4679.5	
86	-1861.5	-1689.5	-1872.5	-1640	
87	-2290	-2203.5	-2342	-2148.5	
88	-1204	-1123.5	-1253.5	-1053	
89	-3930	-3713.5	-3940.5	-3707	
90	-3700.5	-3643	-3708	-3637.5	
91	-3020	-2925.5	-3087	-2915	
92	-4226	-4051	-4234	-4045.5	
93	-2566.5	-2474	-2572	-2469	
94	-3512	-3374.5	-3519.5	-3370.5	
95	-1930.5	-1825	-1949	-1773	
96	-3351.5	-3109.5	-3359	-3100.5	
97	-2870.5	-2677	-2876	-2634	
98	-4444.5	-4363	-4449.5	-4354.5	
99	-3517	-3378	-3525.5	-3371.5	
100	-4311.5	-4066.5	-4318.5	-4054.5	
101	-1395.5	-1294.5	-1409	-1270.5	
102	-2560	-2468	-2569.5	-2462	
103	-2009.5	-1900	-2020	-1888.5	
104	-4987	-4903	-4999.5	-4845	
105	-1876	-1749.5	-1880.5	-1744	
106	-4243.5	-4064.5	-4315	-4052	
107	-2867	-2673.5	-2874	-2630.5	
108	-2199	-2067	-2273.5	-2039	
109	-3512	-3374.5	-3519.5	-3370.5	
110	-1610	-1538	-1619.5	-1516	
111	-2449	-2292	-2458.5	-2235	
112	-1873.5	-1746.5	-1880	-1701.5	
113	-1405	-1303.5	-1415.5	-1287.5	
114	-2430.5	-2234.5	-2454	-2206	
115	-4343.5	-4265.5	-4349.5	-4256.5	
116	-1729.5	-1628.5	-1739.5	-1619	
117	-3329.5	-3101	-3338	-3094.5	
118	-2025	-1956	-2123	-1927	
119	-2129.5	-1981	-2136.5	-1971.5	
120	-2846	-2621.5	-2857	-2576.5	
121	-3492.5	-3365	-3507	-3359.5	
122	-2560	-2469	-2569.5	-2464	
123	-2869.5	-2674.5	-2875	-2633.5	
124	-3939.5	-3790.5	-3945	-3781	
125	-2855	-2629.5	-2867.5	-2584.5	
126	-3340	-3104.5	-3349.5	-3100	
127	-3342	-3106.5	-3352	-3100.5	
128	-1596.5	-1501.5	-1611	-1496.5	
129	-4233	-4059.5	-4242.5	-4050	
130	-4224	-4047	-4232	-3998.5	
131	-2873	-2699.5	-2879.5	-2669	
132	-1271	-1203	-1372	-1126	
133	-4655.5	-4548	-4684	-4540	
134	-2565	-2473.5	-2571.5	-2467.5	
135	-1946	-1890	-2015	-1828.5	
136	-3349.5	-3109.5	-3358.5	-3100.5	
137	-3498	-3369.5	-3514	-3365	
138	-4325	-4245	-4331.5	-4173	
139	-2833.5	-2575.5	-2847.5	-2501	
140	-3702	-3646.5	-3758.5	-3639.5	
141	-2561	-2469.5	-2569.5	-2465	
142	-2188.5	-2039	-2195	-2032.5	
143	-2560	-2469	-2569.5	-2464	
144	-1440	-1399.5	-1493	-1314.5	
145	-1409.5	-1307	-1420.5	-1290.5	
146	-2454.5	-2342	-2459.5	-2295.5	
147	-1861	-1689	-1872.5	-1639.5	
148	-1728.5	-1628	-1739	-1618.5	
149	-3525.5	-3378	-3622.5	-3374.5	
150	-2280	-2145.5	-2288	-2140	
151	-4601	-4504	-4671.5	-4460	
152	-1502.5	-1449.5	-1511	-1433.5	
153	-3335	-3103	-3342	-3097.5	
154	-1439.5	-1396.5	-1491.5	-1313.5	
155	-1610	-1538	-1619.5	-1516	
156	-1871	-1702.5	-1878	-1692	
157	-2199.5	-2139	-2278.5	-2044.5	
158	-2132.5	-2031	-2140	-1979.5	
159	-3984	-3956.5	-4039	-3948.5	
160	-2131	-2025.5	-2138.5	-1975	
161	-2867.5	-2674	-2874.5	-2631	
162	-2454.5	-2343	-2460.5	-2296	
163	-2847.5	-2628	-2864	-2579	
164	-3645	-3543	-3651	-3531	
165	-1492	-1421	-1496.5	-1414.5	
166	-4034.5	-3963.5	-4042	-3954.5	
167	-2464.5	-2347.5	-2468.5	-2304.5	
168	-1397.5	-1296	-1410	-1275	
169	-2829.5	-2573.5	-2845	-2497.5	
170	-3261.5	-3019	-3321.5	-2933	
171	-4230	-4054.5	-4238.5	-4048.5	
172	-1116.5	-1019	-1191.5	-1007.5	
173	-3320	-3034.5	-3331	-3025	
174	-2576	-2490	-2619	-2471	
175	-1880	-1772.5	-1888.5	-1747.5	
176	-2198	-2059	-2269	-2037	
177	-3630.5	-3528	-3632	-3525.5	
178	-1418	-1315.5	-1432	-1298	
179	-1373	-1226	-1384.5	-1214.5	
180	-2837	-2579	-2850	-2572.5	
181	-3934.5	-3785	-3945.5	-3767	
182	-2191	-2041.5	-2197.5	-2033	
183	-3624.5	-3524	-3633	-3384.5	
184	-3942	-3795	-3946	-3790.5	
185	-3326.5	-3098.5	-3337.5	-3039	
186	-3702	-3647	-3759.5	-3640	
187	-2855	-2629.5	-2867.5	-2584.5	
188	-4346	-4270.5	-4353	-4258.5	
189	-3937.5	-3789.5	-3945	-3777	
190	-2566.5	-2474	-2572	-2469	
191	-3022.5	-2926	-3088.5	-2916	
192	-3775	-3708.5	-3890.5	-3653.5	
193	-2022	-1948	-2109.5	-1898.5	
194	-2874.5	-2700	-2881	-2670	
195	-1684.5	-1617	-1738	-1544.5	
196	-2571.5	-2487	-2577	-2470	
197	-3324.5	-3092.5	-3332.5	-3028.5	
198	-1860	-1685.5	-1869.5	-1629.5	
199	-4153.5	-3986	-4219.5	-3976.5	
200	-4311.5	-4066.5	-4318.5	-4054.5	
201	-3759.5	-3652.5	-3771.5	-3650	
202	-1414.5	-1310.5	-1427.5	-1294.5	
203	-3934.5	-3779.5	-3945	-3712	
204	-1105.5	-1000.5	-1116.5	-933.5	
205	-1373.5	-1231	-1384.5	-1217	
206	-4447.5	-4367	-4484.5	-4356.5	
207	-3344	-3107.5	-3354.5	-3100	
208	-3794.5	-3709.5	-3931	-3657	
209	-1735	-1633	-1741.5	-1622	
210	-1201.5	-1123	-1252	-1053	
211	-4316	-4075.5	-4323	-4056	
212	-1871	-1699.5	-1878	-1692	
213	-1264	-1132	-1367	-1124.5	
214	-1203.5	-1118	-1217.5	-1053	
215	-1860	-1686.5	-1870.5	-1632	
216	-1875.5	-1749	-1880.5	-1742.5	
217	-2844.5	-2582	-2856.5	-2575	
218	-3700.5	-3643	-3708	-3637.5	
219	-2449	-2290.5	-2458	-2234	
220	-3765	-3655	-3778.5	-3651	
221	-3627.5	-3527.5	-3631	-3522.5	
222	-1887	-1773.5	-1919.5	-1749.5	
223	-2834.5	-2577.5	-2849	-2504	
224	-1373	-1230	-1384.5	-1216.5	
225	-4224.5	-4048	-4233	-4043.5	
226	-1123.5	-1022.5	-1198.5	-1011.5	
227	-2830	-2574	-2845	-2498.5	
228	-3327	-3098.5	-3338	-3043	
229	-3629	-3527.5	-3631.5	-3524.5	
230	-2288.5	-2203	-2339.5	-2147.5	
231	-2907	-2890	-2915	-2882.5	
232	-3599	-3379	-3623.5	-3375	
233	-1664.5	-1542	-1727	-1535	
234	-2833.5	-2575.5	-2847.5	-2501	
235	-4984.5	-4850	-4994.5	-4844.5	
236	-3331.5	-3102	-3339	-3096	
237	-3324.5	-3092.5	-3332.5	-3028.5	
238	-1281	-1214	-1378	-1129.5	
239	-1378	-1259.5	-1389.5	-1220.5	
240	-1280	-1213.5	-1377.5	-1129	
241	-1538.5	-1500	-1609.5	-1457	
242	-2847	-2626	-2862.5	-2578	
243	-3625	-3527	-3631.5	-3518.5	
244	-3702.5	-3647	-3759.5	-3640	
245	-4929	-4803	-4938	-4795	
246	-2845	-2583.5	-2857	-2575.5	
247	-1598.5	-1504	-1611	-1500.5	
248	-3942	-3795	-3946	-3790.5	
249	-1619.5	-1541.5	-1673	-1530	
250	-1405	-1303.5	-1415.5	-1287.5	
251	-3336	-3103	-3343.5	-3098	
252	-3784	-3709.5	-3902	-3654.5	
253	-3706	-3649.5	-3765.5	-3644.5	
254	-2124.5	-1976	-2133.5	-1950	
255	-3771.5	-3707.5	-3794.5	-3651.5	
256	-1279.5	-1212	-1376	-1128.5	
257	-1685	-1624.5	-1739	-1614.5	
258	-2829.5	-2573.5	-2845	-2497.5	
259	-1597.5	-1502.5	-1610.5	-1498.5	
260	-3632	-3530	-3634.5	-3526	
261	-3325	-3096	-3334.5	-3032.5	
262	-1110	-1017	-1190	-1002	
263	-4828.5	-4724.5	-4836	-4719.5	
264	-1685.5	-1624.5	-1739	-1614.5	
265	-3946	-3803	-3952.5	-3796	
266	-3701.5	-3646	-3755	-3639.5	
267	-3342	-3105.5	-3351.5	-3100	
268	-3326	-3097	-3336	-3034.5	
269	-3317.5	-3029.5	-3329.5	-3022.5	
270	-3509.5	-3372.5	-3516.5	-3370	
271	-4442.5	-4359.5	-4447	-4354.5	
272	-3943	-3798	-3947	-3794.5	
273	-4311.5	-4066.5	-4318.5	-4054.5	
274	-3509.5	-3372.5	-3516	-3370	
275	-3320.5	-3036.5	-3331.5	-3025.5	
276	-4043	-3984	-4156	-3971	
277	-1495.5	-1435.5	-1499.5	-1423.5	
278	-4226	-4052.5	-4234.5	-4046.5	
279	-3324.5	-3091	-3332.5	-3027	
280	-3360	-3130	-3364.5	-3103	
281	-1612.5	-1541.5	-1624.5	-1516.5	
282	-3516	-3377.5	-3524.5	-3371	
283	-1870	-1697.5	-1877.5	-1690.5	
284	-2559.5	-2466.5	-2569.5	-2459.5	
285	-1400	-1299.5	-1412.5	-1278.5	
286	-1391.5	-1289	-1405.5	-1269	
287	-2449	-2292	-2458.5	-2235	
288	-3325	-3095.5	-3334	-3031.5	
289	-3513	-3375	-3520	-3371	
290	-3766	-3658	-3785	-3651.5	
291	-2287	-2203	-2339.5	-2146.5	
292	-1380	-1266	-1396.5	-1226	
293	-1490.5	-1418.5	-1496.5	-1410	
294	-3704.5	-3647.5	-3762.5	-3641	
295	-3009.5	-2919.5	-3074.5	-2909.5	
296	-2560.5	-2469.5	-2569.5	-2464.5	
297	-1886.5	-1773.5	-1917.5	-1749	
298	-3704.5	-3649.5	-3764	-3643	
299	-3941.5	-3795	-3946	-3789.5	
300	-4834.5	-4728	-4841.5	-4720.5	
301	-3775	-3708.5	-3888.5	-3653.5	
302	-3786.5	-3709.5	-3905	-3655	
303	-3939.5	-3789.5	-3945	-3779.5	
304	-2457.5	-2345	-2464	-2297	
305	-3366	-3195.5	-3481	-3109.5	
306	-3522	-3378.5	-3616.5	-3374	
307	-3521.5	-3378.5	-3615.5	-3373.5	
308	-3514.5	-3376.5	-3520	-3372	
309	-1878.5	-1767.5	-1884	-1745.5	
310	-1684.5	-1619	-1739	-1546	
311	-3759.5	-3652.5	-3771	-3650	
312	-2395	-2208	-2451.5	-2202	
313	-4034.5	-3963.5	-4042	-3954.5	
314	-1494	-1428	-1498.5	-1419	
315	-3525.5	-3378	-3622.5	-3374.5	
316	-4242.5	-4065	-4313.5	-4052	
317	-3324.5	-3092.5	-3332.5	-3028.5	
318	-1368.5	-1222.5	-1384	-1208	
319	-1739	-1637	-1746	-1622	
320	-1269	-1201	-1371	-1125.5	
321	-2560	-2469	-2569.5	-2463.5	
322	-1889	-1773.5	-1924.5	-1752.5	
323	-2865	-2669.5	-2872	-2629	
324	-1261	-1131.5	-1282	-1122.5	
325	-2892	-2780.5	-2899	-2701.5	
326	-1494	-1426	-1498	-1418	
327	-1935.5	-1880	-1957.5	-1774.5	
328	-1106	-1009.5	-1123	-937.5	
329	-3625	-3527	-3631.5	-3518.5	
330	-3766	-3657.5	-3784	-3651.5	
331	-3508.5	-3371.5	-3514.5	-3368.5	
332	-2189.5	-2039.5	-2195	-2033	
333	-1389	-1286	-1405	-1265.5	
334	-3624	-3517	-3629.5	-3380	
335	-2119.5	-1972	-2131.5	-1947	
336	-3955.5	-3809.5	-3963	-3801	
337	-4247	-4065.5	-4317	-4053.5	
338	-3624.5	-3523	-3632	-3384.5	
339	-2341.5	-2207.5	-2450.5	-2201.5	
340	-2450.5	-2298.5	-2459	-2289	
341	-2465.5	-2348.5	-2469	-2304.5	
342	-2867	-2673.5	-2874	-2630.5	
343	-2454.5	-2343	-2460.5	-2296	
344	-1610	-1538.5	-1619.5	-1516.5	
345	-3012.5	-2924.5	-3080	-2913.5	
346	-3624.5	-3527	-3632	-3517	
347	-3624	-3521.5	-3631.5	-3383	
348	-2029.5	-1958.5	-2126.5	-1936.5	
349	-1189.5	-1053	-1209.5	-1018	
350	-1494.5	-1433	-1499.5	-1419.5	
351	-2879.5	-2704	-2887.5	-2676.5	
352	-1876	-1749	-1880.5	-1743	
353	-4607.5	-4505.5	-4672	-4494	
354	-1384.5	-1283	-1404	-1261.5	
355	-2189.5	-2040.5	-2195.5	-2033	
356	-1490.5	-1417	-1496	-1408.5	
357	-2192.5	-2044.5	-2198.5	-2034.5	
358	-2866.5	-2672.5	-2873.5	-2630	
359	-2285	-2202.5	-2338	-2144.5	
360	-3514.5	-3376.5	-3520	-3372	
361	-3626	-3527	-3631.5	-3520.5	
362	-2021	-1947	-2033.5	-1897.5	
363	-3327.5	-3098.5	-3338.5	-3090.5	
364	-4449.5	-4367	-4486	-4358.5	
365	-1506	-1449.5	-1516.5	-1436.5	
366	-1879.5	-1771	-1885.5	-1748.5	
367	-1684.5	-1613	-1736	-1542.5	
368	-2188.5	-2039	-2195	-2032.5	
369	-1610	-1538.5	-1619.5	-1516.5	
370	-3337.5	-3103	-3344	-3099	
371	-2872.5	-2699	-2879.5	-2668	
372	-1376.5	-1234	-1387	-1218.5	
373	-3331	-3102	-3338.5	-3096	
374	-2859.5	-2632	-2869.5	-2622.5	
375	-4225	-4049	-4234	-4044.5	
376	-4228.5	-4054	-4236.5	-4048	
377	-4607	-4505	-4672	-4493	
378	-3704.5	-3649	-3764	-3642.5	
379	-1285	-1216.5	-1380	-1132	
380	-2459	-2346	-2464.5	-2298.5	
381	-1737	-1633	-1742	-1623.5	
382	-4902.5	-4800	-4935.5	-4795	
383	-3935.5	-3788.5	-3945	-3773	
384	-1868.5	-1694.5	-1876	-1688	
385	-1685	-1623	-1739	-1612	
386	-4042	-3981	-4151	-3968.5	
387	-3504	-3370	-3514.5	-3366	
388	-3953	-3808.5	-3961	-3800	
389	-2467.5	-2348.5	-2472.5	-2304.5	
390	-2201.5	-2139	-2281	-2051	
391	-1730.5	-1629	-1740.5	-1619.5	
392	-3004	-2899	-3009.5	-2895	
393	-3312.5	-3026	-3328.5	-3015	
394	-4444	-4361	-4448.5	-4354.5	
395	-1614.5	-1542	-1629	-1516	
396	-2021.5	-1947.5	-2033.5	-1898.5	
397	-3022.5	-2925.5	-3088	-2916	
398	-2461	-2347.5	-2466.5	-2303.5	
399	-2283.5	-2153	-2294	-2141	
400	-4673	-4550.5	-4684.5	-4542	
401	-1685.5	-1624.5	-1739	-1614.5	
402	-4231	-4055	-4239	-4049	
403	-1256.5	-1128	-1267	-1120	
404	-1210	-1124	-1256.5	-1054	
405	-3525.5	-3378	-3622.5	-3374.5	
406	-1408	-1305	-1418.5	-1289	
407	-4230	-4054.5	-4238.5	-4048.5	
408	-3325	-3095	-3334	-3031	
409	-1419	-1316	-1433	-1299	
410	-3515.5	-3377.5	-3523	-3371.5	
411	-3509	-3371.5	-3514.5	-3369.5	
412	-4040	-3975	-4045	-3965	
413	-2558.5	-2460	-2569	-2350	
414	-3754.5	-3652	-3767.5	-3649	
415	-1872	-1743.5	-1879.5	-1695	
416	-1744.5	-1643	-1864.5	-1628	
417	-3619.5	-3381.5	-3627.5	-3376	
418	-1749	-1643.5	-1868	-1629.5	
419	-4224	-4045.5	-4230	-3997	
420	-1496.5	-1445	-1503	-1427.5	
421	-1378	-1259.5	-1389.5	-1220.5	
422	-4320.5	-4174	-4329	-4064	
423	-1947.5	-1890	-2016	-1828.5	
424	-1873	-1745.5	-1879.5	-1698	
425	-3629	-3527.5	-3631.5	-3524.5	
426	-1443.5	-1402	-1493.5	-1318.5	
427	-3009	-2915.5	-3023	-2907	
428	-1609.5	-1533	-1616	-1515.5	
429	-4033.5	-3959.5	-4040	-3952	
430	-4332	-4259	-4340	-4249	
431	-1878	-1767.5	-1883.5	-1745.5	
432	-4309.5	-4066	-4317.5	-4054.5	
433	-3977	-3818.5	-3984	-3806	
434	-2133.5	-2033.5	-2190	-1983.5	
435	-1877	-1766	-1881.5	-1745	
436	-3084.5	-2932	-3092	-2924	
437	-2186	-2039	-2195	-2032	
438	-4443	-4360.5	-4448	-4354	
439	-1381	-1269.5	-1398.5	-1229.5	
440	-2137	-2037.5	-2194.5	-2027.5	
441	-4494	-4401	-4535	-4364.5	
442	-4673	-4550.5	-4684.5	-4542	
443	-1951.5	-1890.5	-2019.5	-1880	
444	-2284.5	-2199.5	-2331.5	-2142	
445	-3763.5	-3654	-3774.5	-3651	
446	-1878	-1767.5	-1883.5	-1745.5	
447	-3342	-3107.5	-3353	-3100.5	
448	-4534.5	-4455	-4542.5	-4449	
449	-1687	-1625	-1739	-1616	
450	-4221	-3999.5	-4228	-3991.5	
451	-3624	-3517.5	-3630	-3380.5	
452	-3009	-2916.5	-3070	-2907.5	
453	-1532.5	-1498	-1605	-1448.5	
454	-2399	-2208	-2452.5	-2203	
455	-2271.5	-2140.5	-2284	-2062	
456	-1153	-1046.5	-1199	-1013	
457	-1494.5	-1431.5	-1499	-1419.5	
458	-2876.5	-2702.5	-2883.5	-2672.5	
459	-3976	-3948	-4034	-3809.5	
460	-2832	-2574.5	-2846.5	-2499	
461	-2852.5	-2629.5	-2867	-2582.5	
462	-2436	-2236.5	-2454.5	-2207	
463	-3787.5	-3709.5	-3907.5	-3655	
464	-1609	-1534	-1617	-1515.5	
465	-2285	-2202.5	-2338.5	-2144.5	
466	-2844.5	-2582	-2856.5	-2575	
467	-3345	-3107.5	-3355	-3100.5	
468	-1532.5	-1498	-1605	-1448.5	
469	-3636	-3531.5	-3639	-3526	
470	-2283	-2151.5	-2293.5	-2141	
471	-3698	-3639	-3705.5	-3635	
472	-2874.5	-2700.5	-2881.5	-2670.5	
473	-4534.5	-4455.5	-4543	-4449.5	
474	-1109.5	-1015	-1190	-1000	
475	-2909.5	-2893	-2921	-2882.5	
476	-1889.5	-1773.5	-1926	-1764.5	
477	-4329.5	-4254.5	-4335.5	-4246.5	
478	-3074.5	-2929	-3090	-2918	
479	-4671.5	-4550	-4684	-4542	
480	-2911.5	-2893.5	-3000.5	-2882.5	
481	-4440	-4343	-4443.5	-4339.5	
482	-2559.5	-2467	-2569.5	-2460.5	
483	-3774.5	-3708	-3886	-3653.5	
484	-2125	-1977.5	-2133.5	-1954	
485	-3329.5	-3100	-3338	-3094	
486	-4228.5	-4053.5	-4236	-4047.5	
487	-1417	-1315	-1430.5	-1297	
488	-3514.5	-3377.5	-3522	-3372	
489	-4441.5	-4358	-4445	-4353.5	
490	-1365	-1220	-1382.5	-1199.5	
491	-3945	-3803	-3952	-3796	
492	-3624	-3521	-3631.5	-3382.5	
493	-3505	-3371	-3514.5	-3367	
494	-2866.5	-2673	-2874	-2630.5	
495	-2866.5	-2671.5	-2873.5	-2629.5	
496	-3510.5	-3373	-3517.5	-3370	
497	-1377	-1259	-1388.5	-1219.5	
498	-3509	-3371.5	-3514.5	-3369.5	
499	-2449.5	-2296	-2459.5	-2285.5	
500	-3930.5	-3771	-3943	-3708.5	
501	-3012.5	-2924.5	-3080	-2913.5	
502	-3090.5	-2934.5	-3096.5	-2923	
503	-3509.5	-3372.5	-3516	-3370	
504	-3631	-3529.5	-3633.5	-3525.5	
505	-1498	-1446.5	-1504.5	-1429	
506	-3943	-3799	-3947.5	-3794.5	
507	-1491	-1420.5	-1496.5	-1412.5	
508	-2341	-2207.5	-2450	-2201.5	
509	-1408	-1305	-1418.5	-1289	
510	-1940	-1886.5	-2012	-1780.5	
511	-1204	-1119.5	-1219	-1052.5	
512	-1862.5	-1690	-1873.5	-1640.5	
513	-3022.5	-2925.5	-3088	-2916	
514	-3754	-3651	-3767	-3647.5	
515	-4246	-4065.5	-4317	-4053	
516	-1947.5	-1890	-2016	-1828.5	
517	-1495.5	-1435.5	-1499.5	-1423.5	
518	-2024.5	-1951	-2118	-1900.5	
519	-2558.5	-2461	-2569	-2353	
520	-3329.5	-3100	-3338	-3094	
521	-1409	-1305	-1419	-1289.5	
522	-3359.5	-3124.5	-3364.5	-3102.5	
523	-1945	-1890	-2014.5	-1828	
524	-1378	-1262.5	-1391.5	-1223.5	
525	-3494	-3367	-3510.5	-3362	
526	-1879	-1768	-1884	-1746	
527	-2576	-2490	-2619	-2471	
528	-1365	-1220	-1382.5	-1199.5	
529	-4231	-4055	-4239	-4049	
530	-3652	-3635	-3703.5	-3630	
531	-2129.5	-1983.5	-2137.5	-1973	
532	-3942	-3795	-3946	-3790.5	
533	-4608.5	-4506	-4672.5	-4494.5	
534	-4441	-4351	-4444	-4347	
535	-1621	-1542	-1678.5	-1531	
536	-1418	-1315.5	-1432	-1298	
537	-1365	-1220	-1382.5	-1199.5	
538	-1610	-1539.5	-1620.5	-1517.5	
539	-1736.5	-1633	-1741.5	-1623	
540	-1493	-1423	-1497.5	-1416	
541	-2616	-2491	-2622.5	-2474	
542	-1738.5	-1634.5	-1744	-1622.5	
543	-3343	-3107.5	-3353.5	-3100.5	
544	-1510	-1450.5	-1530	-1440.5	
545	-2864.5	-2669	-2871.5	-2628.5	
546	-4244.5	-4066	-4316.5	-4052	
547	-1746.5	-1643	-1865.5	-1629.5	
548	-3525.5	-3378	-3622.5	-3374.5	
549	-1897.5	-1774.5	-1932.5	-1768.5	
550	-3363.5	-3189.5	-3368	-3106.5	
551	-4228	-4053.5	-4235.5	-4047.5	
552	-4311.5	-4068.5	-4319	-4054.5	
553	-3012.5	-2924.5	-3080	-2913.5	
554	-4239	-4060	-4309.5	-4051	
555	-1378	-1263.5	-1393	-1223.5	
556	-1433.5	-1325	-1489	-1307.5	
557	-2464.5	-2348	-2469	-2304.5	
558	-4042	-3981	-4150.5	-3967.5	
559	-2847	-2626.5	-2863	-2578	
560	-4688	-4608	-4709	-4549	
561	-3011	-2924.5	-3079.5	-2912	
562	-3793	-3709.5	-3930.5	-3656.5	
563	-1740	-1639	-1749	-1621	
564	-3323.5	-3038.5	-3332	-3026.5	
565	-1123.5	-1022.5	-1198.5	-1011.5	
566	-4040.5	-3977	-4046	-3966.5	
567	-2458	-2345.5	-2464.5	-2297.5	
568	-2198.5	-2065	-2271.5	-2039	
569	-1198	-1054.5	-1212	-1047.5	
570	-3619.5	-3381	-3627	-3375.5	
571	-3631	-3529	-3633	-3525.5	
572	-3708	-3650	-3766.5	-3646	
573	-1537.5	-1500	-1609	-1455.5	
574	-1736.5	-1633	-1741.5	-1623	
575	-2832	-2574.5	-2846.5	-2499	
576	-2873	-2696.5	-2879	-2666	
577	-3327	-3098.5	-3338	-3043	
578	-2449	-2292	-2458.5	-2235	
579	-2017.5	-1929.5	-2025	-1894.5	
580	-3525	-3378.5	-3622	-3374.5	
581	-4452.5	-4367	-4489.5	-4359.5	
582	-3633.5	-3530.5	-3637	-3526	
583	-1607	-1516.5	-1611.5	-1509.5	
584	-4441.5	-4359.5	-4446	-4354.5	
585	-2565.5	-2474	-2572	-2468	
586	-3009	-2911	-3019.5	-2905	
587	-1492.5	-1422	-1497	-1415	
588	-4216	-3993	-4225.5	-3985	
589	-1621	-1542	-1678.5	-1531	
590	-2026	-1957.5	-2125	-1929.5	
591	-1743	-1641.5	-1861	-1626	
592	-4319.5	-4172	-4328	-4061	
593	-3314.5	-3028.5	-3329	-3020	
594	-1860	-1685	-1869	-1629.5	
595	-2919.5	-2894.5	-3008.5	-2885.5	
596	-3513	-3375	-3520	-3371	
597	-1441.5	-1400.5	-1493	-1316	
598	-3984	-3957.5	-4039.5	-3949.5	
599	-1609.5	-1531.5	-1614.5	-1514.5	
600	-1873	-1745.5	-1879.5	-1698	
601	-2886	-2708	-2891.5	-2699.5	
602	-1881	-1772.5	-1889.5	-1748	
603	-3984.5	-3959	-4040	-3950.5	
604	-1391.5	-1289	-1405.5	-1269	
605	-2119.5	-1972	-2131.5	-1947	
606	-4781.5	-4722	-4825.5	-4708	
607	-4225	-4049.5	-4234.5	-4045	
608	-2290	-2203.5	-2341.5	-2148	
609	-4046	-3986	-4212.5	-3973.5	
610	-4048	-3985.5	-4215.5	-3976.5	
611	-1365.5	-1220.5	-1383	-1202.5	
612	-3324.5	-3094.5	-3333.5	-3030	
613	-2336.5	-2204.5	-2433.5	-2198	
614	-2453	-2308	-2458.5	-2294	
615	-4439.5	-4341.5	-4443	-4338	
616	-4996	-4933.5	-5026	-4849	
617	-1610	-1539.5	-1620.5	-1517.5	
618	-3349.5	-3109	-3358	-3100.5	
619	-4239.5	-4064	-4311	-4051.5	
620	-1611.5	-1541.5	-1624	-1516.5	
621	-3700	-3640	-3706	-3635.5	
622	-1279.5	-1210	-1375	-1127.5	
623	-3517.5	-3378	-3526.5	-3371.5	
624	-3366	-3195.5	-3481	-3109.5	
625	-4047.5	-3986	-4214.5	-3975.5	
626	-2454	-2341.5	-2459.5	-2295	
627	-1869.5	-1694.5	-1876.5	-1688.5	
628	-1104.5	-985	-1114.5	-931.5	
629	-4225.5	-4050	-4234	-4045	
630	-2272.5	-2140.5	-2284.5	-2063	
631	-1118.5	-1019	-1193.5	-1008	
632	-1893.5	-1774.5	-1929	-1767.5	
633	-2858	-2632	-2869.5	-2621.5	
634	-1382.5	-1275.5	-1400.5	-1234	
635	-4042	-3980	-4150	-3967	
636	-1259	-1130	-1275	-1122.5	
637	-3701	-3644.5	-3709.5	-3637	
638	-3325	-3095.5	-3334	-3031.5	
639	-3336	-3103	-3343.5	-3098	
640	-2291	-2203.5	-2392.5	-2149	
641	-2445.5	-2289	-2456.5	-2210.5	
642	-4350	-4328	-4357	-4261	
643	-1203	-1121.5	-1220.5	-1053	
644	-4040.5	-3977	-4046	-3966.5	
645	-2843	-2581	-2855.5	-2574.5	
646	-3937	-3789	-3945	-3775.5	
647	-3338.5	-3103.5	-3347	-3099.5	
648	-2006	-1895.5	-2020	-1885.5	
649	-1397.5	-1296	-1410	-1275	
650	-2454.5	-2342.5	-2460	-2296	
651	-2620.5	-2497	-2830.5	-2486	
652	-1746.5	-1643	-1865.5	-1629.5	
653	-4324.5	-4241.5	-4332	-4170	
654	-4231	-4058.5	-4239.5	-4049.5	
655	-3943	-3799	-3947.5	-3794.5	
656	-5198.5	-4995.5	-5204.5	-4946	
657	-3331	-3102	-3338.5	-3096	
658	-3014.5	-2924.5	-3081.5	-2914	
659	-1684.5	-1617	-1738	-1544.5	
660	-4441	-4354.5	-4444.5	-4350	
661	-3631	-3529	-3633	-3525.5	
662	-2459.5	-2347.5	-2465	-2302	
663	-2859.5	-2632	-2869.5	-2622.5	
664	-3517.5	-3378.5	-3597.5	-3371.5	
665	-4710.5	-4614	-4721	-4553	
666	-3327.5	-3098.5	-3338.5	-3090.5	
667	-1685.5	-1624.5	-1739	-1614.5	
668	-1381	-1269.5	-1398.5	-1229.5	
669	-3484.5	-3355	-3493.5	-3340.5	
670	-3495.5	-3369.5	-3513	-3365	
671	-2131.5	-2028.5	-2139.5	-1976.5	
672	-2883.5	-2705.5	-2890	-2695.5	
673	-3493	-3365	-3507	-3360	
674	-3318	-3030.5	-3329.5	-3023	
675	-3322.5	-3039	-3331.5	-3026.5	
676	-2294	-2203	-2397	-2151	
677	-4214	-3990.5	-4224.5	-3982.5	
678	-1879.5	-1771.5	-1886.5	-1748	
679	-3514.5	-3377	-3521.5	-3372	
680	-1955.5	-1890.5	-2019	-1882	
681	-5197	-4989	-5203	-4942	
682	-1395.5	-1294.5	-1409	-1270.5	
683	-1957.5	-1892.5	-2019.5	-1884	
684	-1605	-1510	-1611.5	-1505	
685	-1279.5	-1212	-1376	-1128.5	
686	-1737.5	-1634.5	-1743.5	-1623	
687	-3326	-3098	-3337	-3038	
688	-1879.5	-1771	-1885.5	-1748.5	
689	-2339	-2204.5	-2444.5	-2199.5	
690	-1218.5	-1124.5	-1260.5	-1113	
691	-1615.5	-1542	-1662.5	-1516.5	
692	-4439	-4340.5	-4443	-4336	
693	-1877	-1750.5	-1881	-1744.5	
694	-2013.5	-1920.5	-2023	-1889	
695	-2865	-2669.5	-2872	-2629	
696	-2285	-2202.5	-2338	-2144.5	
697	-3629	-3527.5	-3631.5	-3524.5	
698	-2284.5	-2202.5	-2337	-2144.5	
699	-2445.5	-2289	-2456.5	-2210.5	
700	-3596.5	-3378.5	-3623	-3375	
701	-3624.5	-3524	-3633	-3384.5	
702	-1872	-1743	-1879.5	-1694.5	
703	-1384.5	-1280	-1404.5	-1259.5	
704	-1939	-1884.5	-2008.5	-1779	
705	-4327.5	-4251.5	-4335	-4241.5	
706	-3763.5	-3654	-3774.5	-3651	
707	-3009	-2909.5	-3018	-2904.5	
708	-3493.5	-3366	-3509.5	-3361	
709	-3514.5	-3377.5	-3522	-3372	
710	-1685	-1621	-1739	-1564.5	
711	-1118.5	-1019	-1193.5	-1008	
712	-1196	-1054	-1212	-1046.5	
713	-2842.5	-2581	-2855	-2574	
714	-3358	-3124	-3364	-3101.5	
715	-1940	-1887	-2012.5	-1781.5	
716	-2198.5	-2065	-2271.5	-2039	
717	-3511	-3374	-3519	-3370.5	
718	-3700	-3640	-3706	-3635.5	
719	-1119.5	-1022	-1194.5	-1009.5	
720	-3360.5	-3130.5	-3365	-3103	
721	-2277.5	-2143	-2285	-2138.5	
722	-2455	-2344.5	-2462	-2297	
723	-4224.5	-4048.5	-4233	-4044	
724	-2188.5	-2039	-2195	-2032.5	
725	-3500	-3369.5	-3514.5	-3365.5	
726	-2139	-2037.5	-2195	-2030	
727	-2864	-2666.5	-2870	-2628.5	
728	-4325	-4246.5	-4331.5	-4174.5	
729	-3325.5	-3096.5	-3334.5	-3034	
730	-1605	-1508.5	-1611	-1504.5	
731	-1218.5	-1124.5	-1260.5	-1113	
732	-3767.5	-3658	-3787	-3651.5	
733	-4237.5	-4059.5	-4246.5	-4050.5	
734	-3009	-2917	-3070.5	-2908	
735	-1203.5	-1118	-1217.5	-1053	
736	-1603	-1505	-1610.5	-1501.5	
737	-3766	-3657.5	-3784	-3651.5	
738	-1123	-1019.5	-1198	-1011	
739	-3949.5	-3806.5	-3956.5	-3798.5	
740	-1609.5	-1531.5	-1614.5	-1514.5	
741	-3624.5	-3525	-3633.5	-3514.5	
742	-1743	-1641.5	-1861	-1625.5	
743	-2021	-1947	-2033.5	-1897.5	
744	-3014	-2924	-3080	-2914	
745	-2132.5	-2033.5	-2189.5	-1982	
746	-3763	-3653.5	-3774	-3650.5	
747	-1951.5	-1890.5	-2019.5	-1880	
748	-3934.5	-3786	-3945.5	-3768.5	
749	-2199.5	-2068	-2274	-2039.5	
750	-2200	-2135.5	-2275.5	-2042	
751	-2139	-2037	-2195	-2030	
752	-3943.5	-3802.5	-3950.5	-3795	
753	-3707	-3650	-3766	-3645	
754	-3509.5	-3372	-3516	-3369.5	
755	-2863.5	-2635.5	-2870	-2627	
756	-2136.5	-2037.5	-2194	-2027.5	
757	-2626.5	-2499.5	-2836.5	-2493	
758	-3517.5	-3378.5	-3597.5	-3371.5	
759	-1610	-1535.5	-1619	-1515.5	
760	-3320.5	-3036.5	-3331.5	-3025.5	
761	-1730.5	-1629	-1740.5	-1619.5	
762	-2198	-2061	-2269.5	-2038.5	
763	-3357.5	-3124	-3364	-3101.5	
764	-3704.5	-3648	-3763	-3641.5	
765	-1495	-1434.5	-1499.5	-1421.5	
766	-2878	-2703.5	-2885	-2674.5	
767	-1614.5	-1541.5	-1627	-1516.5	
768	-4792	-4723.5	-4834.5	-4715	
769	-5022	-4944	-5198.5	-4905	
770	-3326.5	-3098.5	-3337.5	-3039	
771	-3624.5	-3522	-3631.5	-3383.5	
772	-3328	-3099.5	-3338	-3092	
773	-2624	-2499.5	-2836	-2491.5	
774	-3700	-3641	-3707	-3636.5	
775	-3326	-3097.5	-3336.5	-3035.5	
776	-1502.5	-1449	-1510	-1432	
777	-3347	-3108	-3356.5	-3100.5	
778	-1434.5	-1326	-1489.5	-1308.5	
779	-1275	-1206	-1374	-1126	
780	-4154.5	-3989.5	-4222	-3980	
781	-2847.5	-2628	-2864	-2579	
782	-4327	-4249.5	-4334.5	-4177.5	
783	-3090	-2934	-3096	-2923.5	
784	-4309.5	-4066	-4317.5	-4054.5	
785	-1616	-1542	-1664	-1517	
786	-2274	-2141	-2286	-2134.5	
787	-1424	-1320.5	-1439.5	-1302.5	
788	-1596	-1501.5	-1611	-1496.5	
789	-5198	-4990.5	-5204	-4941.5	
790	-2024.5	-1949.5	-2116	-1900.5	
791	-1373	-1226	-1384.5	-1214.5	
792	-3510.5	-3373	-3517.5	-3370	
793	-2017.5	-1932	-2025.5	-1896.5	
794	-2024.5	-1952.5	-2119.5	-1923	
795	-2433	-2235.5	-2454	-2206.5	
796	-3491.5	-3364	-3501.5	-3357.5	
797	-4229.5	-4054.5	-4237.5	-4048.5	
798	-2563	-2469.5	-2569.5	-2465	
799	-2030.5	-1958.5	-2127	-1938	
800	-2202	-2139	-2281.5	-2053	
801	-1949	-1889.5	-2017.5	-1828.5	
802	-1925.5	-1781.5	-1945	-1772	
803	-1624	-1541	-1683	-1532	
804	-1749	-1643.5	-1868	-1629.5	
805	-3354.5	-3118	-3361.5	-3101	
806	-3943	-3799	-3947.5	-3794.5	
807	-3626.5	-3527	-3631.5	-3521.5	
808	-2847	-2627.5	-2863.5	-2578.5	
809	-3930.5	-3771	-3943	-3708.5	
810	-3325	-3096	-3334.5	-3032.5	
811	-2199.5	-2139.5	-2279.5	-2044.5	
812	-3015.5	-2925	-3083.5	-2914	
813	-3074.5	-2928	-3090	-2917.5	
814	-1860	-1687	-1870.5	-1634	
815	-2341.5	-2207.5	-2450.5	-2201.5	
816	-3649.5	-3634.5	-3702.5	-3540	
817	-2873	-2696.5	-2879	-2666	
818	-1105.5	-995.5	-1115	-933	
819	-1892.5	-1774.5	-1928.5	-1766.5	
820	-1916	-1776	-1936	-1769.5	
821	-2449	-2292	-2458.5	-2235	
822	-3945	-3802.5	-3951.5	-3795.5	
823	-3624	-3518.5	-3630.5	-3380.5	
824	-1493.5	-1424.5	-1497.5	-1417.5	
825	-2864	-2666.5	-2870	-2628.5	
826	-1218.5	-1124.5	-1260.5	-1113	
827	-4345	-4270	-4352	-4258.5	
828	-3493	-3365.5	-3507.5	-3360	
829	-3326	-3098	-3337	-3038	
830	-1687	-1625	-1739	-1616	
831	-1730.5	-1629	-1740.5	-1619.5	
832	-2449	-2292.5	-2458.5	-2236	
833	-1737	-1634.5	-1742.5	-1623.5	
834	-1864	-1691	-1873.5	-1642.5	
835	-3508.5	-3371.5	-3514.5	-3368.5	
836	-3789	-3709.5	-3930	-3655	
837	-2909.5	-2891	-2919	-2882.5	
838	-3515	-3377.5	-3522.5	-3371.5	
839	-1610.5	-1541.5	-1622.5	-1517.5	
840	-5000	-4935.5	-5035.5	-4852	
841	-1105.5	-995.5	-1115	-933	
842	-1610	-1539	-1620	-1517.5	
843	-1931.5	-1828.5	-1953.5	-1773.5	
844	-1956	-1891.5	-2019	-1882.5	
845	-1257	-1128.5	-1267.5	-1120.5	
846	-4999	-4934	-5033	-4850.5	
847	-3313.5	-3027	-3328.5	-3017.5	
848	-3096.5	-3011.5	-3310.5	-2924	
849	-1743	-1641.5	-1861	-1626	
850	-4491.5	-4370	-4531	-4361	
851	-1279.5	-1213	-1377	-1129	
852	-1920	-1778	-1937.5	-1771	
853	-4314	-4069.5	-4320.5	-4055	
854	-1257	-1128.5	-1267.5	-1120.5	
855	-1385	-1284	-1403.5	-1262.5	
856	-4359.5	-4335	-4441.5	-4327	
857	-1397.5	-1296	-1410	-1275	
858	-1417	-1315	-1430.5	-1297	
859	-2827.5	-2571.5	-2844	-2495.5	
860	-2833.5	-2575	-2847	-2500.5	
861	-3318	-3030.5	-3329.5	-3023	
862	-3949.5	-3805.5	-3956	-3798	
863	-1684.5	-1617	-1738	-1544.5	
864	-1285	-1217	-1380.5	-1132.5	
865	-2445.5	-2286.5	-2456.5	-2207.5	
866	-3326.5	-3098.5	-3337.5	-3039	
867	-4226	-4053	-4234.5	-4046.5	
868	-3958	-3811	-3965	-3802	
869	-1686	-1624.5	-1739	-1615	
870	-3514.5	-3377	-3521	-3372	
871	-3625	-3527.5	-3631.5	-3519.5	
872	-2866	-2670.5	-2873	-2629.5	
873	-3336	-3103	-3343.5	-3098	
874	-2868.5	-2674	-2875	-2631	
875	-3516	-3377.5	-3523.5	-3371.5	
876	-4656	-4549	-4683.5	-4541	
877	-3324.5	-3091	-3332.5	-3027	
878	-1617	-1541.5	-1667.5	-1518	
879	-1513	-1454	-1531	-1444.5	
880	-2912	-2894	-3001	-2883	
881	-1889.5	-1773.5	-1926	-1764.5	
882	-3959	-3811	-3967	-3802	
883	-2848	-2628	-2864.5	-2579.5	
884	-3627.5	-3527.5	-3631	-3522.5	
885	-3338	-3103.5	-3345.5	-3099.5	
886	-1446	-1409.5	-1495.5	-1326	
887	-4324.5	-4240.5	-4331.5	-4169.5	
888	-1883.5	-1773	-1894	-1747.5	
889	-4042	-3981	-4150.5	-3967.5	
890	-2134.5	-2034.5	-2192	-1983.5	
891	-2339	-2204.5	-2444.5	-2199.5	
892	-1428.5	-1321.5	-1444	-1303	
893	-2454	-2309	-2458.5	-2294	
894	-1382.5	-1275.5	-1400.5	-1234	
895	-1432.5	-1325	-1488	-1307	
896	-2459.5	-2346	-2464.5	-2299.5	
897	-2843	-2581	-2855.5	-2574.5	
898	-2872.5	-2699	-2879.5	-2667	
899	-1860	-1685	-1869	-1629.5	
900	-1734.5	-1632.5	-1741.5	-1621.5	
901	-3328	-3099.5	-3338	-3092	
902	-2846	-2624	-2860	-2577.5	
903	-1607	-1514.5	-1611	-1507	
904	-3318.5	-3031.5	-3329.5	-3024	
905	-2457.5	-2345	-2464	-2297	
906	-1940	-1885.5	-2011	-1780	
907	-3944.5	-3802.5	-3951	-3795.5	
908	-1204.5	-1112.5	-1214.5	-1051.5	
909	-3624.5	-3522.5	-3632	-3384	
910	-3512.5	-3374.5	-3520	-3370.5	
911	-4156.5	-3989.5	-4223	-3981	
912	-1382.5	-1275.5	-1400.5	-1234	
913	-3523.5	-3378.5	-3620	-3374	
914	-4319.5	-4170.5	-4327	-4061	
915	-3316.5	-3029.5	-3329	-3021.5	
916	-5003	-4939	-5041	-4856.5	
917	-2621.5	-2499	-2834.5	-2489.5	
918	-1269	-1201	-1371	-1125.5	
919	-3009.5	-2923.5	-3076.5	-2911.5	
920	-1196	-1054	-1212	-1046.5	
921	-1920	-1778	-1937.5	-1771	
922	-2461.5	-2347.5	-2467	-2304	
923	-2558	-2463	-2569.5	-2454.5	
924	-2460.5	-2347.5	-2466	-2303.5	
925	-2020.5	-1946	-2033	-1898	
926	-2135.5	-2037.5	-2194	-2025.5	
927	-4334.5	-4259.5	-4342.5	-4249.5	
928	-4328	-4252.5	-4334.5	-4243.5	
929	-2452	-2299.5	-2459	-2290	
930	-1390.5	-1289	-1405	-1268	
931	-2472.5	-2349	-2559.5	-2342.5	
932	-3934.5	-3784	-3945.5	-3714	
933	-1888	-1773.5	-1921.5	-1749.5	
934	-4679.5	-4554	-4694	-4545	
935	-3509	-3371.5	-3514.5	-3369	
936	-1744	-1642	-1862.5	-1627.5	
937	-2456.5	-2344.5	-2463	-2297	
938	-1733	-1630	-1741.5	-1620	
939	-1286	-1218.5	-1382	-1133.5	
940	-1378	-1262	-1390	-1223.5	
941	-3794.5	-3709.5	-3931	-3657	
942	-3895.5	-3711	-3935	-3706	
943	-2876	-2702	-2883	-2672	
944	-1685	-1620	-1739	-1563.5	
945	-1381	-1274	-1399	-1231.5	
946	-4325.5	-4248	-4333	-4175	
947	-3519.5	-3378.5	-3604.5	-3372	
948	-3079	-2929.5	-3091	-2920.5	
949	-1950	-1890.5	-2018.5	-1880	
950	-3510	-3373	-3517.5	-3370	
951	-3305	-3023.5	-3328	-2967.5	
952	-3630	-3528	-3632	-3525	
953	-3936.5	-3788.5	-3945	-3774.5	
954	-1378	-1262	-1390	-1223.5	
955	-1870.5	-1698	-1877.5	-1690.5	
956	-3513	-3375	-3520	-3371	
957	-1897.5	-1774.5	-1932.5	-1768.5	
958	-3511	-3374	-3519.5	-3370.5	
959	-3009	-2917	-3070.5	-2908	
960	-1111	-1018	-1190.5	-1004.5	
961	-1368.5	-1222.5	-1384	-1208	
962	-1734.5	-1631	-1741.5	-1621	
963	-4774.5	-4684	-4788	-4615	
964	-1398.5	-1299.5	-1411.5	-1278	
965	-1607	-1514.5	-1611	-1507	
966	-3083	-2930.5	-3091	-2923	
967	-2872	-2695.5	-2878.5	-2637.5	
968	-3321	-3039	-3331	-3026	
969	-2888	-2774	-2894	-2699.5	
970	-3766.5	-3658	-3785.5	-3651.5	
971	-4239.5	-4064	-4311	-4051.5	
972	-1108.5	-1013.5	-1188.5	-997	
973	-4039	-3971.5	-4044	-3963	
974	-1871.5	-1744	-1879.5	-1695.5	
975	-2445.5	-2286	-2456	-2207.5	
976	-1107.5	-1012.5	-1186	-985.5	
977	-3325	-3096	-3334.5	-3032.5	
978	-2186	-2039	-2195	-2032	
979	-3368.5	-3339	-3487	-3124	
980	-1743	-1641.5	-1861	-1625.5	
981	-3324.5	-3092	-3332.5	-3028	
982	-2872.5	-2697.5	-2879.5	-2666	
983	-3495.5	-3369.5	-3513	-3365	
984	-1443	-1401.5	-1493.5	-1317.5	
985	-4483	-4368	-4493.5	-4360	
986	-4718	-4616	-4777	-4604	
987	-2565	-2473.5	-2571.5	-2467.5	
988	-2844.5	-2583	-2857	-2575	
989	-1497	-1446.5	-1504	-1427.5	
990	-4900	-4799	-4934	-4793.5	
991	-4228	-4053.5	-4235.5	-4047.5	
992	-1187	-1052.5	-1207.5	-1017	
993	-1153	-1046.5	-1199	-1013	
994	-1884	-1773	-1894.5	-1748	
995	-1443	-1401.5	-1493.5	-1317.5	
996	-2445.5	-2289	-2456.5	-2210.5	
997	-4337	-4264	-4345	-4252	
998	-3312.5	-3026.5	-3328.5	-3016	
999	-2457	-2345	-2463.5	-2297	
1000	-1878.5	-1767.5	-1884	-1745.5	
KDE_Model()	
@	
@_Kernel	-1.02	1	-2	2	
@_Scale	0.044	0.221	0.031	0.374	
@1	-2846	-2623.5	-2858.5	-2576.5	
@2	-2843.5	-2583	-2855.5	-2575	
@3	-4945.5	-4848	-4989	-4840.5	
@4	-3360	-3134.5	-3365	-3104	
@5	-1733	-1633.5	-1740.5	-1621.5	
@6	-3769	-3659.5	-3794.5	-3651.5	
@7	-1609.5	-1543.5	-1621	-1527	
@8	-2463.5	-2347	-2468.5	-2305	
@9	-1269	-1202.5	-1369.5	-1125.5	
@10	-2030.5	-1954.5	-2128	-1934.5	
@11	-4234	-4056	-4243	-4049.5	
@12	-2019.5	-1942.5	-2032	-1897.5	
@13	-3314.5	-3028	-3329.5	-2937	
@14	-2201	-2135.5	-2278	-2041.5	
@15	-2560	-2468	-2569.5	-2461.5	
@16	-3511	-3378	-3522.5	-3372	
@17	-1363.5	-1219.5	-1382.5	-1200.5	
@18	-3505.5	-3374.5	-3517.5	-3370	
@19	-4537	-4458	-4584	-4449	
@20	-4689.5	-4606.5	-4710	-4549.5	
@21	-3943.5	-3797	-3947	-3793	
@22	-2571.5	-2486	-2578.5	-2469	
@23	-3324.5	-3162	-3334.5	-3032.5	
@24	-2186.5	-2039	-2195	-2032	
@25	-4049	-3985.5	-4217.5	-3976	
@26	-2138.5	-2037	-2194.5	-2029.5	
@27	-1871.5	-1744.5	-1879.5	-1696.5	
@28	-1112	-1036	-1185.5	-1004	
@29	-1270.5	-1208.5	-1373.5	-1126.5	
@30	-3891	-3709	-3932	-3658.5	
@31	-2451.5	-2343	-2460	-2298.5	
@32	-4534.5	-4454.5	-4547.5	-4446	
@33	-1217	-1124.5	-1260.5	-1083	
@34	-2443.5	-2288	-2456.5	-2209.5	
@35	-2196.5	-2053.5	-2203	-2036	
@36	-1390	-1286	-1405	-1266.5	
@37	-3631	-3528.5	-3633	-3525.5	
@38	-2575	-2489.5	-2619	-2470.5	
@39	-1389	-1284.5	-1405	-1265.5	
@40	-2565	-2474	-2571.5	-2469	
@41	-1389	-1285	-1405	-1265.5	
@42	-2294.5	-2203.5	-2399.5	-2150	
@43	-2450	-2339	-2457.5	-2294.5	
@44	-2016.5	-1926	-2024.5	-1894	
@45	-4326	-4247	-4333.5	-4175	
@46	-1489.5	-1416.5	-1495.5	-1409.5	
@47	-3010.5	-2924	-3080	-2914	
@48	-4532.5	-4453	-4546.5	-4445	
@49	-3015.5	-2924.5	-3085.5	-2915	
@50	-3340	-3136	-3345.5	-3103.5	
@51	-2845	-2623	-2858	-2576.5	
@52	-3329	-3160.5	-3338	-3095.5	
@53	-2139	-2037.5	-2194.5	-2030	
@54	-2470	-2349	-2556	-2340.5	
@55	-2870	-2678.5	-2877	-2634.5	
@56	-1123	-1047.5	-1200	-1015.5	
@57	-2289.5	-2203	-2341	-2147.5	
@58	-2896.5	-2873	-2904.5	-2704.5	
@59	-1879.5	-1767	-1884.5	-1745.5	
@60	-3635.5	-3532.5	-3639	-3526	
@61	-3632	-3530	-3634.5	-3526	
@62	-1383.5	-1279.5	-1404.5	-1259.5	
@63	-3342.5	-3124.5	-3349	-3103.5	
@64	-3346.5	-3121.5	-3351.5	-3105	
@65	-3939.5	-3793	-3946	-3782	
@66	-3352	-3120.5	-3357	-3104.5	
@67	-1933.5	-1828.5	-1953.5	-1773.5	
@68	-3712	-3651.5	-3764.5	-3649	
@69	-1731.5	-1633.5	-1741	-1620.5	
@70	-3514.5	-3378	-3524	-3371.5	
@71	-2872	-2694.5	-2879	-2638.5	
@72	-3020.5	-2924.5	-3089	-2915.5	
@73	-2134.5	-2037	-2193.5	-2025	
@74	-4235.5	-4059.5	-4246.5	-4050	
@75	-2137	-2037.5	-2194.5	-2027.5	
@76	-1124	-1049	-1202	-1018	
@77	-1211	-1123.5	-1255.5	-1055.5	
@78	-4235	-4058.5	-4245	-4050	
@79	-3351.5	-3122.5	-3356.5	-3104	
@80	-3314.5	-3029	-3330	-3011.5	
@81	-2435	-2237.5	-2453	-2207.5	
@82	-2340.5	-2208	-2446.5	-2201	
@83	-1611	-1544	-1624	-1518	
@84	-2620	-2494.5	-2661	-2477.5	
@85	-4779	-4696.5	-4790	-4619.5	
@86	-1764.5	-1688	-1872	-1639.5	
@87	-2292.5	-2203	-2395	-2149	
@88	-1211	-1124	-1256.5	-1056	
@89	-3913.5	-3712	-3941	-3706	
@90	-3700	-3643.5	-3707.5	-3638	
@91	-3012.5	-2924	-3083.5	-2914	
@92	-4225	-4050	-4234.5	-4045	
@93	-2565.5	-2474	-2571.5	-2469	
@94	-3507.5	-3376	-3519	-3370.5	
@95	-1931	-1825	-1948.5	-1773	
@96	-3354	-3125.5	-3359	-3104	
@97	-2869	-2674.5	-2876	-2634.5	
@98	-4422	-4360.5	-4448.5	-4354.5	
@99	-3514.5	-3378	-3524.5	-3371.5	
@100	-4248	-4064.5	-4318	-4054	
@101	-1395	-1293.5	-1409	-1270	
@102	-2560	-2468	-2569.5	-2461	
@103	-1967	-1897.5	-2019.5	-1887	
@104	-4989	-4908.5	-5001.5	-4846	
@105	-1876	-1749	-1882.5	-1741.5	
@106	-4243.5	-4061	-4314.5	-4052	
@107	-2865.5	-2672.5	-2873.5	-2631	
@108	-2198.5	-2064	-2273.5	-2038.5	
@109	-3507.5	-3376.5	-3519	-3370.5	
@110	-1609.5	-1540.5	-1619.5	-1517.5	
@111	-2444.5	-2293.5	-2458.5	-2237.5	
@112	-1873.5	-1745	-1880	-1699.5	
@113	-1405.5	-1303	-1415.5	-1286.5	
@114	-2434.5	-2236.5	-2453	-2207	
@115	-4343.5	-4265	-4349.5	-4255.5	
@116	-1730	-1631.5	-1739.5	-1619	
@117	-3331.5	-3159.5	-3338	-3098.5	
@118	-2024.5	-1951.5	-2122	-1923.5	
@119	-2129.5	-1980.5	-2137	-1969.5	
@120	-2845	-2622	-2856.5	-2576.5	
@121	-3492.5	-3365	-3505	-3359.5	
@122	-2559.5	-2469	-2569.5	-2462.5	
@123	-2867.5	-2674.5	-2875	-2633	
@124	-3938.5	-3791.5	-3945.5	-3779.5	
@125	-2854	-2631	-2867.5	-2587.5	
@126	-3343	-3123.5	-3349	-3104	
@127	-3346.5	-3120.5	-3351	-3105	
@128	-1597.5	-1502.5	-1611	-1497.5	
@129	-4233	-4056	-4242	-4049.5	
@130	-4223.5	-4046.5	-4232	-3998	
@131	-2872	-2697.5	-2880	-2668	
@132	-1273.5	-1209.5	-1374	-1126.5	
@133	-4654	-4547.5	-4682	-4540	
@134	-2564	-2473	-2571.5	-2467	
@135	-1945	-1890.5	-2014	-1828.5	
@136	-3352.5	-3123.5	-3358	-3104	
@137	-3497	-3369.5	-3512.5	-3365.5	
@138	-4324.5	-4244.5	-4333	-4171	
@139	-2833.5	-2576.5	-2848	-2500.5	
@140	-3701.5	-3647	-3754	-3639.5	
@141	-2560	-2469.5	-2569.5	-2464	
@142	-2186	-2039	-2195	-2032.5	
@143	-2560	-2469	-2569.5	-2463	
@144	-1439.5	-1399.5	-1491.5	-1314	
@145	-1410	-1307	-1420.5	-1290	
@146	-2450.5	-2342	-2459	-2296	
@147	-1764.5	-1687.5	-1871.5	-1638.5	
@148	-1730	-1630.5	-1739.5	-1618.5	
@149	-3524.5	-3378.5	-3621.5	-3374.5	
@150	-2281	-2145.5	-2289	-2139.5	
@151	-4603	-4503.5	-4665.5	-4459	
@152	-1502.5	-1446	-1511	-1431	
@153	-3337	-3147.5	-3341.5	-3103	
@154	-1439	-1396.5	-1490	-1313.5	
@155	-1609.5	-1539	-1619.5	-1517.5	
@156	-1871	-1698	-1877.5	-1691.5	
@157	-2201.5	-2136.5	-2279.5	-2043.5	
@158	-2131.5	-2031.5	-2140	-1979	
@159	-3984.5	-3956.5	-4039.5	-3948.5	
@160	-2131	-2025	-2138.5	-1974.5	
@161	-2866	-2673	-2874	-2631.5	
@162	-2451	-2343	-2459.5	-2297	
@163	-2845.5	-2629.5	-2863	-2579.5	
@164	-3646.5	-3542.5	-3652	-3531	
@165	-1490.5	-1419.5	-1496	-1413	
@166	-4034.5	-3964.5	-4042.5	-3954.5	
@167	-2464	-2347	-2468.5	-2305	
@168	-1397	-1295	-1409.5	-1274.5	
@169	-2830.5	-2574	-2845	-2497.5	
@170	-3311	-3021	-3325	-2931.5	
@171	-4229	-4054.5	-4238	-4048	
@172	-1118.5	-1048.5	-1195	-1012	
@173	-3324	-3160	-3333	-3026.5	
@174	-2575.5	-2489.5	-2619	-2470.5	
@175	-1880.5	-1772.5	-1889	-1747.5	
@176	-2197	-2057	-2269.5	-2036.5	
@177	-3630.5	-3529	-3632.5	-3525	
@178	-1419	-1315	-1433	-1297	
@179	-1372.5	-1228.5	-1384.5	-1215.5	
@180	-2838	-2579	-2851	-2572	
@181	-3935	-3784.5	-3946	-3712.5	
@182	-2190	-2041.5	-2197	-2033	
@183	-3624.5	-3527	-3633	-3411.5	
@184	-3941.5	-3795.5	-3946.5	-3789.5	
@185	-3328	-3163.5	-3337.5	-3094.5	
@186	-3701.5	-3647.5	-3756.5	-3639.5	
@187	-2854	-2631	-2867.5	-2620.5	
@188	-4345.5	-4270	-4353	-4258	
@189	-3937.5	-3789.5	-3946	-3775	
@190	-2565.5	-2474	-2571.5	-2469	
@191	-3018	-2925	-3087	-2915	
@192	-3771	-3661	-3887.5	-3652.5	
@193	-2021	-1944.5	-2106.5	-1897	
@194	-2873	-2699	-2880.5	-2670	
@195	-1685	-1618	-1738.5	-1544.5	
@196	-2571	-2485.5	-2576.5	-2470	
@197	-3324.5	-3161.5	-3334.5	-3032	
@198	-1750	-1684.5	-1869	-1631	
@199	-4049.5	-3986.5	-4219.5	-3976	
@200	-4248.5	-4064.5	-4318	-4054	
@201	-3754.5	-3652	-3768.5	-3649.5	
@202	-1414.5	-1310.5	-1427.5	-1294.5	
@203	-3934.5	-3779.5	-3945.5	-3710.5	
@204	-1108	-1020.5	-1120	-995.5	
@205	-1374.5	-1233.5	-1384.5	-1218.5	
@206	-4418.5	-4364.5	-4455	-4354.5	
@207	-3348	-3122.5	-3353	-3105	
@208	-3792.5	-3707.5	-3929.5	-3656	
@209	-1735	-1634.5	-1741	-1623.5	
@210	-1211	-1123	-1255.5	-1055.5	
@211	-4315	-4070.5	-4322.5	-4055	
@212	-1871	-1697.5	-1877.5	-1691	
@213	-1268.5	-1201	-1369.5	-1125	
@214	-1209	-1118.5	-1219.5	-1054	
@215	-1751.5	-1685.5	-1870	-1631.5	
@216	-1875	-1748.5	-1882.5	-1740.5	
@217	-2844	-2583.5	-2855.5	-2575	
@218	-3700	-3643.5	-3707.5	-3638.5	
@219	-2444.5	-2292	-2458	-2235	
@220	-3757.5	-3654.5	-3773.5	-3651	
@221	-3627	-3528.5	-3631.5	-3522.5	
@222	-1887.5	-1773.5	-1919	-1749.5	
@223	-2834	-2578.5	-2849.5	-2504	
@224	-1373.5	-1233	-1384.5	-1217.5	
@225	-4224	-4047.5	-4233	-4042.5	
@226	-1124	-1048	-1201	-1018	
@227	-2831.5	-2574.5	-2845	-2498.5	
@228	-3328.5	-3162	-3338	-3095	
@229	-3628.5	-3528.5	-3631.5	-3524.5	
@230	-2289.5	-2203.5	-2341	-2148	
@231	-2908	-2889.5	-2916	-2882.5	
@232	-3596.5	-3379	-3623	-3375	
@233	-1668	-1542	-1726	-1536	
@234	-2833.5	-2576	-2848.5	-2500.5	
@235	-4986	-4902	-4996.5	-4845.5	
@236	-3334	-3152.5	-3339	-3101	
@237	-3324.5	-3161	-3334.5	-3033	
@238	-1282.5	-1216	-1379.5	-1132	
@239	-1377.5	-1260	-1389.5	-1222.5	
@240	-1281	-1215.5	-1378.5	-1131.5	
@241	-1597	-1500	-1610	-1458	
@242	-2846	-2627	-2861	-2578.5	
@243	-3624.5	-3562.5	-3633.5	-3515.5	
@244	-3701.5	-3648	-3757	-3640	
@245	-4935.5	-4838	-4945	-4792	
@246	-2844.5	-2621.5	-2856	-2576	
@247	-1601.5	-1505	-1610.5	-1501	
@248	-3942	-3795.5	-3946.5	-3789.5	
@249	-1619.5	-1542.5	-1676.5	-1530	
@250	-1405.5	-1303.5	-1416	-1286	
@251	-3338.5	-3144.5	-3343	-3103	
@252	-3779.5	-3707.5	-3901	-3653.5	
@253	-3705.5	-3650.5	-3762	-3644.5	
@254	-2124.5	-1975	-2133	-1949.5	
@255	-3766	-3658.5	-3791	-3651.5	
@256	-1279.5	-1214.5	-1378	-1131	
@257	-1686.5	-1625.5	-1739	-1614.5	
@258	-2830.5	-2574	-2845	-2497.5	
@259	-1598.5	-1503	-1610.5	-1499.5	
@260	-3632.5	-3530	-3634.5	-3526.5	
@261	-3326	-3163.5	-3337.5	-3089.5	
@262	-1115	-1047.5	-1191	-1009.5	
@263	-4795.5	-4722.5	-4834.5	-4717	
@264	-1687	-1625.5	-1739	-1615	
@265	-3946	-3804.5	-3953	-3796.5	
@266	-3701.5	-3646	-3711.5	-3638.5	
@267	-3345	-3122	-3350.5	-3104.5	
@268	-3326.5	-3163	-3336.5	-3093	
@269	-3322	-3093	-3332	-3024	
@270	-3505	-3373	-3515	-3370	
@271	-4440	-4357.5	-4444.5	-4354.5	
@272	-3944	-3798	-3947.5	-3794	
@273	-4307.5	-4064	-4318	-4054.5	
@274	-3504.5	-3373	-3515.5	-3369.5	
@275	-3324.5	-3159.5	-3333	-3027	
@276	-4043	-3984.5	-4155	-3971	
@277	-1494	-1432	-1499.5	-1421	
@278	-4225.5	-4051.5	-4234.5	-4046	
@279	-3324.5	-3161.5	-3334	-3030	
@280	-3360.5	-3139.5	-3366	-3105	
@281	-1611.5	-1543.5	-1625	-1518.5	
@282	-3513.5	-3378	-3523.5	-3371.5	
@283	-1869.5	-1696	-1877.5	-1689.5	
@284	-2559.5	-2466	-2569.5	-2459.5	
@285	-1399.5	-1299.5	-1412.5	-1278	
@286	-1391.5	-1288.5	-1405	-1269	
@287	-2444.5	-2293.5	-2458.5	-2237.5	
@288	-3325.5	-3162.5	-3337	-3089.5	
@289	-3507.5	-3377	-3519.5	-3370.5	
@290	-3759	-3656.5	-3779.5	-3651.5	
@291	-2288	-2203.5	-2340	-2147	
@292	-1380	-1266	-1396.5	-1228	
@293	-1489.5	-1416.5	-1495.5	-1409.5	
@294	-3704	-3648	-3760	-3640.5	
@295	-3001	-2919.5	-3024	-2908.5	
@296	-2560	-2469	-2569.5	-2463.5	
@297	-1887	-1773	-1916.5	-1749	
@298	-3704.5	-3649.5	-3761	-3642	
@299	-3941	-3796	-3946	-3789.5	
@300	-4830.5	-4724.5	-4840.5	-4718.5	
@301	-3770	-3660.5	-3887	-3652	
@302	-3783	-3707.5	-3904.5	-3654	
@303	-3938.5	-3791	-3945.5	-3778.5	
@304	-2455.5	-2345	-2463.5	-2298	
@305	-3366.5	-3196	-3482	-3118	
@306	-3520	-3379	-3611.5	-3373.5	
@307	-3520	-3379	-3613	-3373	
@308	-3508.5	-3377.5	-3519.5	-3372	
@309	-1879	-1766.5	-1884.5	-1744.5	
@310	-1685.5	-1619.5	-1739	-1561.5	
@311	-3751.5	-3652	-3766.5	-3649.5	
@312	-2398	-2208	-2451	-2202.5	
@313	-4034.5	-3964.5	-4042.5	-3954.5	
@314	-1493.5	-1425	-1498	-1417.5	
@315	-3524.5	-3378.5	-3621.5	-3374.5	
@316	-4242	-4061.5	-4312.5	-4052	
@317	-3324.5	-3162	-3334.5	-3032.5	
@318	-1368.5	-1225	-1382.5	-1212	
@319	-1738.5	-1639	-1744.5	-1624	
@320	-1270.5	-1208.5	-1374	-1126	
@321	-2560	-2468.5	-2569.5	-2462.5	
@322	-1889.5	-1773.5	-1924.5	-1763.5	
@323	-2863.5	-2669	-2871.5	-2630	
@324	-1264.5	-1198.5	-1365.5	-1124.5	
@325	-2892.5	-2779	-2899.5	-2700.5	
@326	-1492	-1424.5	-1497.5	-1417	
@327	-1936.5	-1879.5	-1955	-1774.5	
@328	-1111	-1034.5	-1184.5	-1002	
@329	-3625	-3564.5	-3633	-3516	
@330	-3758	-3656	-3779	-3651	
@331	-3504.5	-3371.5	-3512.5	-3369	
@332	-2188.5	-2039	-2195	-2033	
@333	-1388.5	-1285.5	-1404.5	-1265	
@334	-3624.5	-3517	-3629.5	-3380	
@335	-2119.5	-1970	-2132	-1945	
@336	-3956.5	-3810.5	-3964	-3800.5	
@337	-4247	-4062	-4317	-4052.5	
@338	-3624	-3524	-3632	-3385	
@339	-2395.5	-2208.5	-2450.5	-2201.5	
@340	-2448	-2299.5	-2457.5	-2290.5	
@341	-2465.5	-2347	-2469.5	-2305	
@342	-2865.5	-2672.5	-2873.5	-2631	
@343	-2450.5	-2342.5	-2459.5	-2297.5	
@344	-1609.5	-1543	-1620	-1518.5	
@345	-2993	-2923	-3076	-2912.5	
@346	-3624.5	-3563.5	-3633.5	-3515	
@347	-3624	-3522	-3632	-3382.5	
@348	-2029.5	-1953	-2126	-1934	
@349	-1192	-1057.5	-1209.5	-1047	
@350	-1493.5	-1428.5	-1499	-1419	
@351	-2879	-2702.5	-2887.5	-2674.5	
@352	-1875.5	-1748.5	-1882	-1741.5	
@353	-4608.5	-4504.5	-4672.5	-4492.5	
@354	-1384.5	-1282	-1403.5	-1261.5	
@355	-2189.5	-2040	-2195.5	-2033	
@356	-1489.5	-1415	-1496	-1407	
@357	-2192	-2044	-2198.5	-2034	
@358	-2864.5	-2672	-2873	-2630.5	
@359	-2286	-2202.5	-2339	-2144.5	
@360	-3508	-3377.5	-3519.5	-3371.5	
@361	-3625.5	-3559.5	-3632.5	-3520	
@362	-2019.5	-1944	-2033	-1896.5	
@363	-3329	-3159.5	-3337.5	-3095.5	
@364	-4446.5	-4365	-4483	-4356	
@365	-1505	-1449	-1517	-1434	
@366	-1880	-1770.5	-1886.5	-1747.5	
@367	-1684.5	-1613.5	-1736	-1543	
@368	-2187	-2039	-2195	-2032.5	
@369	-1609.5	-1541.5	-1620	-1518	
@370	-3339.5	-3140.5	-3344.5	-3102.5	
@371	-2872	-2697	-2879.5	-2667	
@372	-1377.5	-1257	-1388	-1219.5	
@373	-3333.5	-3153.5	-3339	-3100.5	
@374	-2857	-2633.5	-2868.5	-2623	
@375	-4224.5	-4048.5	-4233.5	-4043.5	
@376	-4227.5	-4053	-4236.5	-4047.5	
@377	-4607.5	-4505	-4672	-4492	
@378	-3704	-3649	-3761	-3642	
@379	-1285.5	-1218.5	-1381.5	-1198.5	
@380	-2456.5	-2345.5	-2464.5	-2298.5	
@381	-1737	-1635.5	-1741.5	-1624.5	
@382	-4934.5	-4802.5	-4943.5	-4791.5	
@383	-3935.5	-3789	-3947	-3769.5	
@384	-1866.5	-1694	-1876	-1687	
@385	-1685.5	-1624	-1739	-1612.5	
@386	-4042	-3982	-4150	-3967.5	
@387	-3500.5	-3370	-3512.5	-3366.5	
@388	-3954.5	-3809.5	-3961.5	-3800.5	
@389	-2467.5	-2347.5	-2472.5	-2307.5	
@390	-2201.5	-2138.5	-2281.5	-2048.5	
@391	-1730.5	-1634	-1740.5	-1619.5	
@392	-3004.5	-2898	-3008.5	-2895	
@393	-3319.5	-3030	-3330	-3018.5	
@394	-4424	-4359	-4446.5	-4354.5	
@395	-1614.5	-1543.5	-1662.5	-1517.5	
@396	-2020	-1944.5	-2033.5	-1896.5	
@397	-3014.5	-2924.5	-3085.5	-2915	
@398	-2460	-2347	-2466.5	-2303	
@399	-2284.5	-2153.5	-2294.5	-2141	
@400	-4657.5	-4549.5	-4683	-4542	
@401	-1687	-1625.5	-1739	-1615	
@402	-4229.5	-4054.5	-4238.5	-4049	
@403	-1259	-1130	-1271.5	-1121	
@404	-1214.5	-1124	-1258.5	-1058	
@405	-3524.5	-3378.5	-3621.5	-3374.5	
@406	-1408	-1304.5	-1418.5	-1287.5	
@407	-4228.5	-4054	-4238	-4048	
@408	-3325.5	-3162.5	-3336	-3042	
@409	-1419.5	-1315	-1433	-1298	
@410	-3510	-3378.5	-3522	-3372	
@411	-3503.5	-3372.5	-3513.5	-3369.5	
@412	-4040	-3975.5	-4045	-3966	
@413	-2559	-2459.5	-2569	-2349.5	
@414	-3711.5	-3651	-3763.5	-3648	
@415	-1871.5	-1743	-1879	-1694.5	
@416	-1744.5	-1682	-1861.5	-1629.5	
@417	-3617	-3382	-3627	-3376	
@418	-1748	-1683.5	-1867	-1631	
@419	-4223.5	-4045	-4231	-3995.5	
@420	-1495	-1441.5	-1502.5	-1426	
@421	-1378	-1260	-1389	-1222.5	
@422	-4321	-4173	-4329	-4062	
@423	-1945.5	-1890.5	-2014.5	-1828.5	
@424	-1873	-1744.5	-1879.5	-1697	
@425	-3628.5	-3528.5	-3631.5	-3524.5	
@426	-1441.5	-1403.5	-1493	-1317	
@427	-3004.5	-2916.5	-3019.5	-2908	
@428	-1609	-1534	-1616	-1516	
@429	-4034	-3960.5	-4041	-3952	
@430	-4332	-4258.5	-4340	-4248.5	
@431	-1878	-1766.5	-1884	-1744.5	
@432	-4248	-4062.5	-4317	-4054	
@433	-3978	-3819.5	-3985	-3806	
@434	-2132	-2034	-2189.5	-1983.5	
@435	-1877	-1765	-1882.5	-1743.5	
@436	-3076.5	-2927.5	-3093	-2919	
@437	-2139.5	-2039	-2195	-2031.5	
@438	-4425	-4358.5	-4445.5	-4354.5	
@439	-1381	-1269	-1398.5	-1231.5	
@440	-2137	-2037	-2194	-2027.5	
@441	-4491	-4371	-4532	-4361.5	
@442	-4658	-4549.5	-4683	-4542	
@443	-1949	-1891.5	-2018	-1880	
@444	-2285.5	-2199.5	-2335	-2142	
@445	-3757	-3653.5	-3771.5	-3650.5	
@446	-1878.5	-1766.5	-1884	-1744.5	
@447	-3346.5	-3121	-3352	-3105	
@448	-4532.5	-4453	-4546	-4445.5	
@449	-1726.5	-1628	-1739	-1616.5	
@450	-4220.5	-3999	-4227	-3991.5	
@451	-3624	-3517.5	-3630	-3380	
@452	-3004	-2917.5	-3019.5	-2908.5	
@453	-1534.5	-1496.5	-1606	-1446.5	
@454	-2399.5	-2209.5	-2451	-2204	
@455	-2272	-2140.5	-2284.5	-2059.5	
@456	-1186	-1050	-1204	-1019.5	
@457	-1493.5	-1427.5	-1498.5	-1418.5	
@458	-2876	-2700.5	-2883.5	-2672	
@459	-3976	-3948	-4034	-3810.5	
@460	-2833.5	-2575	-2846	-2499.5	
@461	-2851	-2631.5	-2866.5	-2583.5	
@462	-2439.5	-2284.5	-2454	-2208	
@463	-3784.5	-3707.5	-3906	-3654.5	
@464	-1609.5	-1535.5	-1617.5	-1516.5	
@465	-2286	-2203	-2339	-2145	
@466	-2844	-2583.5	-2856	-2575	
@467	-3349	-3121	-3354	-3105	
@468	-1534.5	-1496.5	-1606	-1447	
@469	-3636	-3532.5	-3639	-3526.5	
@470	-2283.5	-2152	-2294.5	-2140.5	
@471	-3698	-3639	-3706	-3635	
@472	-2873.5	-2699	-2881	-2670.5	
@473	-4534	-4453	-4546.5	-4445.5	
@474	-1114.5	-1045	-1189.5	-1007.5	
@475	-2910	-2893.5	-2922.5	-2882	
@476	-1889.5	-1773.5	-1925.5	-1764	
@477	-4328.5	-4254	-4335	-4246	
@478	-3022.5	-2925	-3089.5	-2916	
@479	-4654.5	-4549.5	-4682.5	-4542	
@480	-2912	-2893.5	-3000	-2882	
@481	-4439	-4341.5	-4443	-4338.5	
@482	-2559.5	-2466.5	-2569.5	-2460	
@483	-3769	-3659.5	-3794.5	-3651.5	
@484	-2125	-1976.5	-2133	-1953	
@485	-3330.5	-3159	-3337.5	-3098	
@486	-4227	-4053	-4236.5	-4047	
@487	-1417	-1315	-1431.5	-1296	
@488	-3449.5	-3378.5	-3520.5	-3372	
@489	-4438.5	-4356	-4444.5	-4351.5	
@490	-1364.5	-1223	-1382.5	-1206.5	
@491	-3945	-3804.5	-3952	-3796	
@492	-3624	-3521.5	-3631.5	-3382	
@493	-3502	-3371	-3512	-3367.5	
@494	-2865	-2672.5	-2873.5	-2631	
@495	-2864.5	-2670.5	-2873	-2630	
@496	-3505.5	-3374	-3516.5	-3370	
@497	-1377.5	-1258.5	-1389	-1220	
@498	-3503	-3372.5	-3513.5	-3369.5	
@499	-2445.5	-2298	-2458	-2287.5	
@500	-3931	-3770.5	-3942	-3707.5	
@501	-2994	-2923	-3075.5	-2912.5	
@502	-3086	-2929.5	-3262.5	-2919.5	
@503	-3504.5	-3373	-3515	-3369.5	
@504	-3631.5	-3530	-3634	-3525.5	
@505	-1496	-1444	-1504.5	-1427	
@506	-3944.5	-3798.5	-3948	-3794	
@507	-1490	-1418.5	-1496	-1411	
@508	-2394	-2208.5	-2449.5	-2201.5	
@509	-1408	-1304.5	-1418.5	-1288.5	
@510	-1939	-1886.5	-2010	-1780.5	
@511	-1209.5	-1120	-1221.5	-1054.5	
@512	-1764.5	-1689	-1873	-1640.5	
@513	-3016.5	-2924.5	-3085.5	-2915	
@514	-3709.5	-3651	-3762.5	-3647	
@515	-4246	-4061.5	-4317	-4052	
@516	-1945.5	-1891	-2015	-1828.5	
@517	-1494	-1432.5	-1499.5	-1421	
@518	-2023.5	-1947.5	-2114.5	-1899.5	
@519	-2558.5	-2460.5	-2569.5	-2350.5	
@520	-3330.5	-3161	-3338	-3098.5	
@521	-1409	-1305.5	-1419	-1289.5	
@522	-3360	-3138.5	-3366	-3104.5	
@523	-1944.5	-1889.5	-2013.5	-1827.5	
@524	-1377	-1263.5	-1392.5	-1224.5	
@525	-3492	-3368	-3509.5	-3361.5	
@526	-1879.5	-1767	-1884.5	-1745	
@527	-2575.5	-2489.5	-2619	-2470.5	
@528	-1364.5	-1222.5	-1382.5	-1206.5	
@529	-4229.5	-4055	-4238.5	-4049	
@530	-3652.5	-3634.5	-3704	-3630	
@531	-2129.5	-1983	-2138	-1971.5	
@532	-3941.5	-3796	-3946.5	-3789.5	
@533	-4609	-4506	-4672	-4493.5	
@534	-4439.5	-4350	-4443.5	-4346	
@535	-1621	-1542.5	-1680	-1531	
@536	-1418.5	-1315	-1432.5	-1297.5	
@537	-1364.5	-1223.5	-1382.5	-1206.5	
@538	-1610	-1544	-1621	-1527.5	
@539	-1736	-1635	-1741	-1624.5	
@540	-1491.5	-1422	-1497	-1415	
@541	-2615	-2490.5	-2622	-2474.5	
@542	-1737.5	-1639	-1743.5	-1624	
@543	-3347.5	-3120.5	-3352.5	-3105	
@544	-1509.5	-1449.5	-1529.5	-1439	
@545	-2863.5	-2668	-2870.5	-2629.5	
@546	-4244.5	-4062.5	-4316	-4052	
@547	-1745.5	-1683.5	-1864.5	-1629.5	
@548	-3524.5	-3378.5	-3621.5	-3374.5	
@549	-1897.5	-1774.5	-1933	-1767.5	
@550	-3363.5	-3190.5	-3368.5	-3110	
@551	-4226	-4053	-4235.5	-4047	
@552	-4309.5	-4064.5	-4318.5	-4054.5	
@553	-2993.5	-2922.5	-3076	-2912.5	
@554	-4237	-4059.5	-4248	-4050	
@555	-1377	-1264	-1393.5	-1224.5	
@556	-1434	-1326.5	-1448	-1307	
@557	-2464.5	-2347	-2469	-2305.5	
@558	-4042	-3981	-4150	-3966.5	
@559	-2845.5	-2628	-2862	-2579	
@560	-4687	-4603.5	-4704.5	-4549.5	
@561	-2994.5	-2922	-3074	-2911.5	
@562	-3790	-3708	-3930	-3655.5	
@563	-1739.5	-1639.5	-1746.5	-1624	
@564	-3324.5	-3160.5	-3333.5	-3029	
@565	-1123.5	-1048.5	-1201.5	-1018	
@566	-4040.5	-3978	-4046	-3967.5	
@567	-2456.5	-2345.5	-2464	-2298.5	
@568	-2198	-2061	-2271.5	-2038.5	
@569	-1203	-1079	-1212	-1051	
@570	-3615.5	-3382	-3627	-3375.5	
@571	-3631	-3529	-3633.5	-3525.5	
@572	-3705.5	-3652	-3762.5	-3645.5	
@573	-1596	-1499.5	-1609.5	-1455	
@574	-1736	-1634.5	-1741	-1624.5	
@575	-2833	-2574.5	-2846.5	-2499.5	
@576	-2872	-2695.5	-2879	-2665.5	
@577	-3328.5	-3160.5	-3337.5	-3095	
@578	-2444.5	-2293.5	-2458.5	-2237.5	
@579	-2016	-1925.5	-2024	-1892.5	
@580	-3524	-3378.5	-3621	-3374.5	
@581	-4450	-4366	-4486.5	-4357.5	
@582	-3634	-3531	-3637	-3526.5	
@583	-1607.5	-1518.5	-1612.5	-1510.5	
@584	-4439.5	-4357	-4444.5	-4353.5	
@585	-2564.5	-2474	-2571.5	-2467.5	
@586	-3006	-2911.5	-3015	-2905.5	
@587	-1491	-1420.5	-1496	-1414.5	
@588	-4215	-3992.5	-4225.5	-3985	
@589	-1621.5	-1542.5	-1680	-1531	
@590	-2025	-1953	-2124.5	-1925	
@591	-1743	-1643	-1860	-1626	
@592	-4320.5	-4170.5	-4327.5	-4059.5	
@593	-3321.5	-3090.5	-3331	-3022	
@594	-1749.5	-1684	-1868.5	-1631	
@595	-2920	-2894.5	-3008	-2885.5	
@596	-3507	-3377	-3519.5	-3370.5	
@597	-1440.5	-1401.5	-1492.5	-1315.5	
@598	-4031	-3957.5	-4040.5	-3950	
@599	-1609	-1532	-1615	-1514.5	
@600	-1873	-1744.5	-1879.5	-1697	
@601	-2886	-2705	-2892	-2697	
@602	-1881.5	-1772	-1890	-1748	
@603	-4031.5	-3959	-4040.5	-3950.5	
@604	-1391.5	-1289	-1405.5	-1269	
@605	-2119.5	-1970	-2131.5	-1945	
@606	-4777	-4719	-4824.5	-4704.5	
@607	-4225	-4049	-4234	-4044.5	
@608	-2291.5	-2203	-2394.5	-2148	
@609	-4045.5	-3987	-4212.5	-3973	
@610	-4048.5	-3986	-4215	-3976	
@611	-1365.5	-1224	-1383	-1208	
@612	-3324.5	-3163.5	-3335.5	-3039.5	
@613	-2338.5	-2204.5	-2439	-2197.5	
@614	-2450.5	-2339	-2458	-2294.5	
@615	-4439	-4340.5	-4442.5	-4337	
@616	-4994.5	-4935	-5020	-4851	
@617	-1610	-1543.5	-1621	-1527	
@618	-3352	-3122.5	-3357.5	-3104	
@619	-4238.5	-4060.5	-4309.5	-4051	
@620	-1611.5	-1543.5	-1624.5	-1518.5	
@621	-3700	-3640	-3706.5	-3635.5	
@622	-1276	-1214	-1376.5	-1129.5	
@623	-3515	-3378.5	-3526	-3371.5	
@624	-3366	-3197	-3481.5	-3118	
@625	-4047	-3986.5	-4214.5	-3975.5	
@626	-2451.5	-2340.5	-2459	-2295	
@627	-1867.5	-1694	-1876	-1687.5	
@628	-1107	-1012	-1119	-989	
@629	-4225	-4049	-4234.5	-4044.5	
@630	-2273	-2140	-2284.5	-2061.5	
@631	-1119.5	-1049	-1196	-1013.5	
@632	-1894	-1774	-1929.5	-1766.5	
@633	-2856	-2633	-2868.5	-2622	
@634	-1381.5	-1274.5	-1402.5	-1257	
@635	-4042	-3980.5	-4049	-3966	
@636	-1263.5	-1131.5	-1281	-1122.5	
@637	-3700.5	-3644.5	-3708.5	-3638.5	
@638	-3325.5	-3163.5	-3336.5	-3090	
@639	-3338	-3144.5	-3343.5	-3102.5	
@640	-2293.5	-2202.5	-2396	-2149.5	
@641	-2442.5	-2289.5	-2457	-2232.5	
@642	-4349.5	-4273.5	-4357.5	-4260	
@643	-1210	-1122	-1252.5	-1054.5	
@644	-4040	-3978	-4046	-3967.5	
@645	-2843	-2582.5	-2855	-2574.5	
@646	-3937	-3789.5	-3946	-3773.5	
@647	-3341	-3128	-3347	-3103.5	
@648	-1959	-1893.5	-2019.5	-1884.5	
@649	-1397	-1295	-1409.5	-1274.5	
@650	-2450.5	-2342	-2459.5	-2296.5	
@651	-2621	-2496	-2830	-2484.5	
@652	-1745.5	-1683.5	-1864.5	-1629.5	
@653	-4324.5	-4241	-4332.5	-4168.5	
@654	-4231	-4055	-4239.5	-4049.5	
@655	-3944.5	-3798.5	-3948	-3794	
@656	-5043.5	-4989.5	-5055	-4945.5	
@657	-3333	-3153.5	-3339	-3100.5	
@658	-2992.5	-2923	-3078.5	-2913	
@659	-1685	-1618	-1738.5	-1544.5	
@660	-4438	-4353	-4443.5	-4349	
@661	-3631	-3529	-3633.5	-3525.5	
@662	-2458	-2346	-2465	-2300.5	
@663	-2857.5	-2633	-2868.5	-2623	
@664	-3515.5	-3378.5	-3526.5	-3371.5	
@665	-4708.5	-4611	-4719.5	-4551	
@666	-3328.5	-3159.5	-3337.5	-3095.5	
@667	-1687	-1626	-1739	-1615	
@668	-1380.5	-1269	-1398.5	-1231.5	
@669	-3484.5	-3354.5	-3494	-3340	
@670	-3495	-3369.5	-3512	-3364.5	
@671	-2130.5	-2029	-2139.5	-1976	
@672	-2883	-2704	-2890.5	-2694	
@673	-3492.5	-3365.5	-3506	-3359.5	
@674	-3323	-3093	-3332	-3024.5	
@675	-3324	-3160.5	-3333.5	-3028.5	
@676	-2294.5	-2203	-2399	-2151.5	
@677	-4213	-3990	-4224.5	-3982	
@678	-1879.5	-1771	-1887	-1747.5	
@679	-3505.5	-3378.5	-3520	-3372	
@680	-1951.5	-1892.5	-2018.5	-1881	
@681	-5033.5	-4953	-5047	-4942.5	
@682	-1395.5	-1293.5	-1408.5	-1270.5	
@683	-1954.5	-1893	-2018	-1883	
@684	-1605.5	-1513	-1611	-1507	
@685	-1279.5	-1214.5	-1378	-1130.5	
@686	-1737.5	-1636.5	-1743	-1624	
@687	-3327	-3164.5	-3337	-3094	
@688	-1879.5	-1770	-1886	-1747.5	
@689	-2339.5	-2206	-2445	-2199.5	
@690	-1251	-1125.5	-1264	-1111	
@691	-1615	-1543.5	-1664.5	-1518	
@692	-4437	-4340	-4442.5	-4335.5	
@693	-1876.5	-1750.5	-1882	-1743	
@694	-2009.5	-1901	-2021.5	-1889	
@695	-2863	-2669	-2871.5	-2629.5	
@696	-2286	-2203	-2339	-2144.5	
@697	-3628.5	-3528.5	-3631.5	-3524.5	
@698	-2285.5	-2202.5	-2338	-2144.5	
@699	-2441.5	-2289.5	-2457.5	-2232.5	
@700	-3525.5	-3378.5	-3622.5	-3375	
@701	-3624.5	-3524.5	-3632.5	-3387	
@702	-1871.5	-1742.5	-1879	-1693.5	
@703	-1383.5	-1279.5	-1404	-1259.5	
@704	-1938.5	-1884.5	-2007.5	-1778	
@705	-4327	-4251	-4335.5	-4240.5	
@706	-3757.5	-3653.5	-3772	-3650.5	
@707	-3006	-2910	-3014.5	-2905	
@708	-3492.5	-3367	-3508	-3360.5	
@709	-3507.5	-3378.5	-3521	-3372	
@710	-1685.5	-1622	-1739.5	-1565.5	
@711	-1119.5	-1049	-1196.5	-1013	
@712	-1199	-1059	-1211	-1050.5	
@713	-2843	-2581.5	-2854	-2574.5	
@714	-3359.5	-3133.5	-3364.5	-3104	
@715	-1939	-1887.5	-2010.5	-1781	
@716	-2198	-2061.5	-2271.5	-2038.5	
@717	-3506	-3375	-3518	-3370.5	
@718	-3700	-3640	-3706	-3635.5	
@719	-1120	-1049.5	-1198	-1014	
@720	-3361	-3142	-3366.5	-3105.5	
@721	-2279	-2142.5	-2285.5	-2138	
@722	-2453.5	-2343.5	-2461	-2298.5	
@723	-4224.5	-4047.5	-4233.5	-4042.5	
@724	-2186	-2039	-2195	-2032.5	
@725	-3499	-3369.5	-3512.5	-3366	
@726	-2139	-2037.5	-2194.5	-2030	
@727	-2862.5	-2666	-2869.5	-2628	
@728	-4324.5	-4245.5	-4332.5	-4172.5	
@729	-3326	-3164.5	-3337	-3091	
@730	-1606	-1510	-1611	-1505.5	
@731	-1251	-1125	-1264	-1112	
@732	-3758	-3657	-3782.5	-3651.5	
@733	-4235.5	-4058.5	-4246.5	-4050	
@734	-3004.5	-2917.5	-3020	-2909	
@735	-1208.5	-1118.5	-1219.5	-1054	
@736	-1604.5	-1506.5	-1610.5	-1502.5	
@737	-3758	-3656	-3779	-3651	
@738	-1124	-1047.5	-1200.5	-1017.5	
@739	-3951	-3806.5	-3957.5	-3798.5	
@740	-1609.5	-1532	-1615	-1515	
@741	-3624.5	-3563.5	-3633	-3412.5	
@742	-1742.5	-1643	-1860	-1625	
@743	-2019.5	-1944	-2033.5	-1896	
@744	-2992.5	-2923	-3077.5	-2912.5	
@745	-2131	-2033.5	-2189.5	-1982	
@746	-3757	-3652.5	-3771	-3650	
@747	-1949	-1891	-2018.5	-1880	
@748	-3935	-3785.5	-3946	-3713.5	
@749	-2198.5	-2064	-2274	-2039	
@750	-2200.5	-2135	-2276	-2041	
@751	-2138.5	-2037	-2194.5	-2029.5	
@752	-3945	-3802	-3950	-3795.5	
@753	-3705.5	-3651.5	-3762.5	-3645	
@754	-3503.5	-3373	-3515	-3369.5	
@755	-2861.5	-2665	-2869.5	-2626.5	
@756	-2136	-2037.5	-2194	-2027.5	
@757	-2626	-2499.5	-2839	-2491	
@758	-3516	-3378.5	-3526.5	-3371.5	
@759	-1609.5	-1538.5	-1619	-1517	
@760	-3323.5	-3159.5	-3333.5	-3027	
@761	-1730	-1634	-1740.5	-1619.5	
@762	-2197.5	-2059	-2269.5	-2038	
@763	-3359	-3132	-3364	-3104.5	
@764	-3704	-3648	-3760.5	-3641	
@765	-1494.5	-1430.5	-1499.5	-1419.5	
@766	-2878	-2701.5	-2884.5	-2674.5	
@767	-1614	-1543	-1628.5	-1517	
@768	-4789.5	-4721.5	-4831.5	-4714	
@769	-5002.5	-4945	-5040	-4910	
@770	-3328	-3164	-3337.5	-3094.5	
@771	-3624	-3523	-3631.5	-3383.5	
@772	-3329.5	-3163.5	-3337.5	-3097	
@773	-2624	-2499.5	-2838.5	-2490	
@774	-3700	-3641	-3706.5	-3636.5	
@775	-3327	-3164.5	-3336.5	-3094	
@776	-1502	-1446.5	-1510.5	-1430.5	
@777	-3350	-3122.5	-3355.5	-3104.5	
@778	-1434.5	-1394.5	-1487	-1307.5	
@779	-1274.5	-1211	-1374.5	-1128	
@780	-4154	-3988.5	-4221.5	-3980	
@781	-2845.5	-2629.5	-2863.5	-2579.5	
@782	-4327	-4249	-4334	-4178	
@783	-3084	-2929.5	-3261.5	-2919.5	
@784	-4248	-4062.5	-4317	-4054	
@785	-1616	-1543	-1665.5	-1527.5	
@786	-2274.5	-2141.5	-2286	-2134.5	
@787	-1424.5	-1320	-1439.5	-1302.5	
@788	-1597	-1502	-1611	-1496.5	
@789	-5035	-4956	-5049	-4943.5	
@790	-2024	-1946.5	-2113.5	-1899	
@791	-1372.5	-1229.5	-1384.5	-1215.5	
@792	-3506	-3374	-3516.5	-3370	
@793	-2016.5	-1928	-2024.5	-1894.5	
@794	-2023	-1949	-2117	-1899.5	
@795	-2436	-2238.5	-2453	-2208	
@796	-3490.5	-3364	-3501.5	-3357	
@797	-4228.5	-4053.5	-4238	-4048	
@798	-2562	-2469.5	-2570	-2464.5	
@799	-2030	-1954.5	-2127	-1934.5	
@800	-2202	-2139	-2282	-2049.5	
@801	-1946	-1891	-2015.5	-1828.5	
@802	-1925.5	-1782	-1944.5	-1771.5	
@803	-1624.5	-1541.5	-1684	-1532	
@804	-1748	-1683.5	-1867	-1630	
@805	-3355.5	-3132.5	-3361.5	-3104	
@806	-3944	-3798.5	-3947.5	-3794.5	
@807	-3626.5	-3528.5	-3632	-3521	
@808	-2846	-2628.5	-2863	-2579	
@809	-3931	-3771	-3942	-3707.5	
@810	-3325.5	-3163	-3337.5	-3089.5	
@811	-2201	-2137	-2279.5	-2044	
@812	-2992.5	-2923	-3079.5	-2913	
@813	-3022	-2925	-3089.5	-2916	
@814	-1751	-1686	-1870.5	-1633.5	
@815	-2395.5	-2208.5	-2450.5	-2201.5	
@816	-3649.5	-3634.5	-3702.5	-3541.5	
@817	-2872	-2695.5	-2879	-2665.5	
@818	-1107.5	-1014	-1119.5	-991	
@819	-1893	-1774	-1929	-1765.5	
@820	-1899.5	-1776	-1934.5	-1769.5	
@821	-2443.5	-2293.5	-2458.5	-2237.5	
@822	-3945.5	-3803.5	-3951.5	-3796	
@823	-3624	-3518.5	-3630	-3380.5	
@824	-1491.5	-1423.5	-1497	-1416	
@825	-2863	-2666	-2869.5	-2628	
@826	-1251.5	-1125	-1263.5	-1112.5	
@827	-4344.5	-4268.5	-4352	-4257.5	
@828	-3492.5	-3365.5	-3506.5	-3360	
@829	-3327.5	-3164.5	-3337	-3094	
@830	-1727	-1628	-1739	-1616.5	
@831	-1730.5	-1633.5	-1740.5	-1619.5	
@832	-2444.5	-2294	-2458.5	-2238.5	
@833	-1737	-1635	-1742.5	-1624.5	
@834	-1861.5	-1690	-1874	-1642	
@835	-3504.5	-3371.5	-3512.5	-3369	
@836	-3785.5	-3707.5	-3909	-3654.5	
@837	-2909.5	-2891.5	-2919.5	-2882.5	
@838	-3509.5	-3378.5	-3521.5	-3372	
@839	-1610.5	-1544	-1623.5	-1518.5	
@840	-4995.5	-4940.5	-5029	-4900.5	
@841	-1107.5	-1014.5	-1119.5	-991.5	
@842	-1610	-1542.5	-1620.5	-1526.5	
@843	-1931.5	-1829	-1952.5	-1773.5	
@844	-1953	-1892	-2018	-1882	
@845	-1259.5	-1131	-1273	-1121.5	
@846	-4994.5	-4939	-5024.5	-4854.5	
@847	-3319.5	-3033.5	-3330.5	-3020	
@848	-3261.5	-2934	-3316	-2924	
@849	-1743	-1643	-1764.5	-1626	
@850	-4486.5	-4368.5	-4499	-4359.5	
@851	-1280.5	-1215	-1378.5	-1131	
@852	-1919.5	-1778	-1937.5	-1770.5	
@853	-4312	-4064.5	-4319.5	-4054.5	
@854	-1259.5	-1131	-1272.5	-1121.5	
@855	-1385.5	-1283	-1403	-1262.5	
@856	-4359.5	-4334.5	-4441	-4326.5	
@857	-1397.5	-1295.5	-1409.5	-1274.5	
@858	-1417	-1315	-1431	-1296	
@859	-2829.5	-2571.5	-2844	-2495	
@860	-2833.5	-2575.5	-2848	-2500	
@861	-3323	-3093	-3332.5	-3024.5	
@862	-3950.5	-3806	-3957	-3798	
@863	-1685	-1618	-1738.5	-1544.5	
@864	-1286.5	-1219	-1382	-1199.5	
@865	-2439.5	-2287.5	-2456.5	-2208.5	
@866	-3327.5	-3163	-3337.5	-3094.5	
@867	-4225.5	-4052	-4234.5	-4046	
@868	-3959	-3811.5	-3966	-3802.5	
@869	-1726	-1626	-1739	-1615.5	
@870	-3508.5	-3378	-3519.5	-3372	
@871	-3625	-3562	-3632.5	-3517.5	
@872	-2864.5	-2670	-2872.5	-2630	
@873	-3338.5	-3144.5	-3343.5	-3103	
@874	-2866	-2674	-2874.5	-2631.5	
@875	-3511	-3378	-3522.5	-3372	
@876	-4653.5	-4548.5	-4682	-4541	
@877	-3324.5	-3160.5	-3334.5	-3030	
@878	-1616.5	-1543.5	-1670	-1528	
@879	-1513	-1452	-1530.5	-1443	
@880	-2912.5	-2893.5	-2999.5	-2883	
@881	-1890	-1774	-1926	-1764.5	
@882	-3960	-3812.5	-3967.5	-3802.5	
@883	-2846.5	-2629.5	-2864	-2579.5	
@884	-3627	-3528.5	-3631.5	-3522.5	
@885	-3340	-3134	-3346	-3103.5	
@886	-1445.5	-1409	-1495	-1324.5	
@887	-4324.5	-4240	-4332.5	-4168	
@888	-1883.5	-1772.5	-1894.5	-1747.5	
@889	-4041.5	-3981.5	-4150	-3967	
@890	-2132.5	-2036	-2192	-1984	
@891	-2339.5	-2206	-2445	-2199.5	
@892	-1428.5	-1321.5	-1444	-1303	
@893	-2450.5	-2339.5	-2458	-2295	
@894	-1382	-1275	-1402.5	-1257	
@895	-1433	-1325.5	-1447.5	-1306.5	
@896	-2457	-2346	-2464.5	-2299	
@897	-2843	-2582.5	-2854.5	-2574.5	
@898	-2872	-2697	-2879.5	-2666.5	
@899	-1749.5	-1684	-1868	-1631	
@900	-1734.5	-1634.5	-1740.5	-1622.5	
@901	-3329.5	-3162.5	-3338	-3096.5	
@902	-2846	-2625	-2859.5	-2577.5	
@903	-1607	-1515.5	-1611	-1509.5	
@904	-3323	-3093.5	-3332	-3025.5	
@905	-2455.5	-2345	-2463.5	-2298.5	
@906	-1938.5	-1886	-2008.5	-1779	
@907	-3945	-3803.5	-3951	-3795.5	
@908	-1208	-1113	-1215.5	-1054.5	
@909	-3624.5	-3523	-3631.5	-3384	
@910	-3508	-3376.5	-3519.5	-3370.5	
@911	-4155.5	-3989	-4223	-3980.5	
@912	-1382	-1275	-1402	-1257	
@913	-3522	-3379	-3619.5	-3373.5	
@914	-4320	-4170	-4327	-4059	
@915	-3322.5	-3092	-3331.5	-3023.5	
@916	-4997.5	-4942.5	-5032.5	-4904.5	
@917	-2621.5	-2498	-2834	-2489	
@918	-1270.5	-1208.5	-1373.5	-1126.5	
@919	-2994	-2922	-3073	-2910.5	
@920	-1199.5	-1059	-1211.5	-1050.5	
@921	-1919.5	-1778	-1937.5	-1771	
@922	-2461	-2346.5	-2466.5	-2303.5	
@923	-2558.5	-2462.5	-2570	-2453.5	
@924	-2460	-2347	-2466	-2304	
@925	-2019.5	-1942.5	-2032	-1897.5	
@926	-2135	-2037.5	-2194	-2025.5	
@927	-4334	-4259	-4342	-4249.5	
@928	-4327.5	-4252	-4335	-4242.5	
@929	-2449.5	-2303.5	-2457	-2292.5	
@930	-1390	-1288.5	-1405	-1267.5	
@931	-2472.5	-2349	-2559	-2341.5	
@932	-3934.5	-3784.5	-3946	-3712	
@933	-1888	-1773	-1920.5	-1752.5	
@934	-4674	-4553.5	-4689	-4544	
@935	-3504	-3372	-3513	-3369.5	
@936	-1743.5	-1643	-1860	-1628.5	
@937	-2454.5	-2344.5	-2462.5	-2298.5	
@938	-1732.5	-1633	-1741	-1621	
@939	-1364	-1220.5	-1382.5	-1203	
@940	-1377.5	-1262.5	-1391.5	-1224.5	
@941	-3792	-3708	-3930	-3656	
@942	-3895.5	-3709.5	-3935.5	-3659.5	
@943	-2875	-2700.5	-2882.5	-2672	
@944	-1685.5	-1621	-1739	-1564.5	
@945	-1381	-1270	-1399	-1233	
@946	-4325	-4247.5	-4333	-4174.5	
@947	-3518.5	-3378	-3604	-3371.5	
@948	-3070.5	-2925.5	-3091	-2917.5	
@949	-1948.5	-1891	-2018	-1879.5	
@950	-3506	-3373.5	-3516	-3370	
@951	-3314.5	-3028	-3329.5	-2937	
@952	-3630	-3529	-3632	-3525	
@953	-3936	-3789.5	-3947	-3771	
@954	-1377.5	-1262	-1391	-1224.5	
@955	-1870	-1696.5	-1877.5	-1690	
@956	-3507.5	-3377	-3519.5	-3370.5	
@957	-1898	-1774.5	-1932.5	-1768	
@958	-3506.5	-3375	-3518.5	-3370.5	
@959	-3003	-2918	-3020.5	-2908.5	
@960	-1115	-1048	-1192.5	-1010	
@961	-1368	-1225.5	-1382.5	-1212	
@962	-1734	-1634	-1740.5	-1622	
@963	-4775.5	-4682.5	-4786.5	-4613	
@964	-1398	-1298	-1411.5	-1277.5	
@965	-1607	-1516	-1611	-1509.5	
@966	-3074.5	-2926.5	-3091	-2919.5	
@967	-2871	-2694	-2878.5	-2637	
@968	-3324	-3160	-3333.5	-3027.5	
@969	-2888	-2708	-2894	-2698	
@970	-3758.5	-3657	-3781	-3651.5	
@971	-4239	-4061	-4309.5	-4051	
@972	-1114	-1044	-1189	-1007	
@973	-4039.5	-3972	-4044	-3964	
@974	-1871.5	-1743	-1879.5	-1694.5	
@975	-2443	-2286.5	-2456	-2208	
@976	-1113.5	-1040.5	-1187.5	-1005.5	
@977	-3325.5	-3163.5	-3337.5	-3089.5	
@978	-2139.5	-2039	-2195	-2031.5	
@979	-3368.5	-3338.5	-3488	-3130.5	
@980	-1742.5	-1643	-1764.5	-1625.5	
@981	-3324.5	-3162.5	-3334.5	-3031	
@982	-2872	-2696	-2879.5	-2665.5	
@983	-3495	-3369.5	-3512	-3364.5	
@984	-1441	-1403	-1493	-1317	
@985	-4453	-4366.5	-4490.5	-4359	
@986	-4717	-4612.5	-4777	-4556	
@987	-2564	-2473	-2571.5	-2467	
@988	-2844.5	-2585	-2855.5	-2575.5	
@989	-1495.5	-1443.5	-1504	-1425.5	
@990	-4933	-4799	-4941	-4790.5	
@991	-4226.5	-4053	-4235.5	-4047	
@992	-1191	-1056.5	-1210	-1045.5	
@993	-1185	-1050	-1204.5	-1019.5	
@994	-1884.5	-1772.5	-1896	-1747.5	
@995	-1441	-1403	-1493	-1316.5	
@996	-2444.5	-2289.5	-2457	-2232.5	
@997	-4336.5	-4263.5	-4345	-4251.5	
@998	-3319.5	-3032.5	-3329.5	-3019.5	
@999	-2455	-2345	-2463	-2298.5	
@1000	-1878.5	-1767	-1884.5	-1744.5	